block_number,block_timestamp,transaction_hash,transaction_index,log_index,topics,data
58249297,2024-06-17 00:00:02,0x80a05422da62f42f2849ca923f44bc86b68887ca9bd7d1160b0dd9cfae7bfd36,12,120,"['0x804c9b842b2748a22bb64b345453a3de7ca54a6ca45ce00d415894979e22897a', '0x0000000000000000000000002791bca1f2de4661ed88a30c99a7a9449aa84174']",0x00000000000000000000000000000000000000000031e0efcb47b1bb1084ac360000000000000000000000000000000000000000005eddd12b12c1d4ebc1822a0000000000000000000000000000000000000000004d883864460a82d31e2b520000000000000000000000000000000000000000038be12103ef5a8d4a9d987b000000000000000000000000000000000000000003b14eeab9a8809c6993ed6b
58249297,2024-06-17 00:00:02,0x80a05422da62f42f2849ca923f44bc86b68887ca9bd7d1160b0dd9cfae7bfd36,12,125,"['0x2b627736bca15cd5381dcf80b0bf11fd197d01a037c52b927a881a10fb73ba61', '0x0000000000000000000000002791bca1f2de4661ed88a30c99a7a9449aa84174', '0x000000000000000000000000fad1c1ba75a975bc8354509c3fd0573bcfefb60d', '0x0000000000000000000000000000000000000000000000000000000000000000']",0x000000000000000000000000c4aff49fced8ac1d818a6dcab063f9f97e66ec5e0000000000000000000000000000000000000000000000000000000001501b49
58249311,2024-06-17 00:00:30,0xf41889a0be376b1123962a522da82ac00f4a6eeceb3cde1ecbee6da99cf4bd9c,39,208,"['0x804c9b842b2748a22bb64b345453a3de7ca54a6ca45ce00d415894979e22897a', '0x0000000000000000000000002791bca1f2de4661ed88a30c99a7a9449aa84174']",0x00000000000000000000000000000000000000000031e2ad113ad33a655e996a0000000000000000000000000000000000000000005edde2fb21daf9dfb63db80000000000000000000000000000000000000000004d899ca5740165e23cd2600000000000000000000000000000000000000000038be124336a84fe8c40f0b9000000000000000000000000000000000000000003b14eefe183405e5e9c46be
58249311,2024-06-17 00:00:30,0xf41889a0be376b1123962a522da82ac00f4a6eeceb3cde1ecbee6da99cf4bd9c,39,213,"['0x3115d1449a7b732c986cba18244e897a450f61e1bb8d589cd2e69e6c8924f9f7', '0x0000000000000000000000002791bca1f2de4661ed88a30c99a7a9449aa84174', '0x000000000000000000000000c4aff49fced8ac1d818a6dcab063f9f97e66ec5e', '0x000000000000000000000000c4aff49fced8ac1d818a6dcab063f9f97e66ec5e']",0x000000000000000000000000000000000000000000000000000000008fc7560d
58249360,2024-06-17 00:02:18,0xe88b9782bdfbdc3dad5535384adc7791f98c203dca39ab842dc4ba482b0a1022,21,138,"['0x804c9b842b2748a22bb64b345453a3de7ca54a6ca45ce00d415894979e22897a', '0x0000000000000000000000002791bca1f2de4661ed88a30c99a7a9449aa84174']",0x00000000000000000000000000000000000000000031dd75b2366899c694bb090000000000000000000000000000000000000000005eddad8e3b181544b1c8c80000000000000000000000000000000000000000004d8570236cc789c5e3afa00000000000000000000000000000000000000000038be1307d459a3b1f33a1c1000000000000000000000000000000000000000003b14f03c4bcec318e687cc6
58249360,2024-06-17 00:02:18,0xe88b9782bdfbdc3dad5535384adc7791f98c203dca39ab842dc4ba482b0a1022,21,143,"['0x2b627736bca15cd5381dcf80b0bf11fd197d01a037c52b927a881a10fb73ba61', '0x0000000000000000000000002791bca1f2de4661ed88a30c99a7a9449aa84174', '0x000000000000000000000000fad1c1ba75a975bc8354509c3fd0573bcfefb60d', '0x0000000000000000000000000000000000000000000000000000000000000000']",0x000000000000000000000000c4aff49fced8ac1d818a6dcab063f9f97e66ec5e00000000000000000000000000000000000000000000000000000001af77c077
58249464,2024-06-17 00:06:08,0xd898bba7d7139b569a792cd223d9bf0f954370aa869c0877eb1239421c1928cd,28,122,"['0x804c9b842b2748a22bb64b345453a3de7ca54a6ca45ce00d415894979e22897a', '0x0000000000000000000000002791bca1f2de4661ed88a30c99a7a9449aa84174']",0x00000000000000000000000000000000000000000031dd94f66cd196625d4f690000000000000000000000000000000000000000005eddaece0658de7d9cdccf0000000000000000000000000000000000000000004d85891f4dd742384140320000000000000000000000000000000000000000038be14aa60b6483acddaa7e000000000000000000000000000000000000000003b14f2e1ce34353b75c9027
58249464,2024-06-17 00:06:08,0xd898bba7d7139b569a792cd223d9bf0f954370aa869c0877eb1239421c1928cd,28,126,"['0x3115d1449a7b732c986cba18244e897a450f61e1bb8d589cd2e69e6c8924f9f7', '0x0000000000000000000000002791bca1f2de4661ed88a30c99a7a9449aa84174', '0x000000000000000000000000e3e5e1946d6e4d8a5e5f155b6e059a2ca7c43c58', '0x000000000000000000000000a9cffe466ba8a72707d1104de239c9ab477e2493']",0x0000000000000000000000000000000000000000000000000000000009e10eff
58249473,2024-06-17 00:06:28,0x65b850b23041de7636b80066d21659b472ac87dd533c281b5407211f41f4a305,47,283,"['0x804c9b842b2748a22bb64b345453a3de7ca54a6ca45ce00d415894979e22897a', '0x0000000000000000000000002791bca1f2de4661ed88a30c99a7a9449aa84174']",0x00000000000000000000000000000000000000000031ce083b0a47b3b10c0fcb0000000000000000000000000000000000000000005edd0f7b82a31219cbd0ed0000000000000000000000000000000000000000004d7916ad03a34a6bec52790000000000000000000000000000000000000000038be14cec60ddc1231c87e8000000000000000000000000000000000000000003b14f31cb83b3091916ab4f
58249473,2024-06-17 00:06:28,0x65b850b23041de7636b80066d21659b472ac87dd533c281b5407211f41f4a305,47,288,"['0x2b627736bca15cd5381dcf80b0bf11fd197d01a037c52b927a881a10fb73ba61', '0x0000000000000000000000002791bca1f2de4661ed88a30c99a7a9449aa84174', '0x000000000000000000000000ef62e88e12df2c3901fcc429d57642ec70f2c7c9', '0x0000000000000000000000000000000000000000000000000000000000000000']",0x000000000000000000000000c4aff49fced8ac1d818a6dcab063f9f97e66ec5e00000000000000000000000000000000000000000000000000000005077dde18
58249497,2024-06-17 00:07:18,0x76c8383aaef20b5e96b0dc1556c3cbf8f7bbe272298b7b44532fdf5b364d83a8,75,2186,"['0x804c9b842b2748a22bb64b345453a3de7ca54a6ca45ce00d415894979e22897a', '0x0000000000000000000000002791bca1f2de4661ed88a30c99a7a9449aa84174']",0x00000000000000000000000000000000000000000031cd9ad72e7c463d344d720000000000000000000000000000000000000000005edd0b35da66d7356b96750000000000000000000000000000000000000000004d78c13bdeeeb09467c1240000000000000000000000000000000000000000038be1529a70963deb084eb0000000000000000000000000000000000000000003b14f3afe9a7a1af1cb0354
58249497,2024-06-17 00:07:18,0x76c8383aaef20b5e96b0dc1556c3cbf8f7bbe272298b7b44532fdf5b364d83a8,75,2189,"['0xa534c8dbe71f871f9f3530e97a74601fea17b426cae02e1c5aee42c96c784051', '0x0000000000000000000000002791bca1f2de4661ed88a30c99a7a9449aa84174', '0x000000000000000000000000f0176afd8d7a4aab09a0490a9a8ffec9371154d2', '0x000000000000000000000000f0176afd8d7a4aab09a0490a9a8ffec9371154d2']",0x000000000000000000000000000000000000000000000000000000001d282af20000000000000000000000000000000000000000000000000000000000000000
58249518,2024-06-17 00:08:02,0x141eee083be4029031ee900590c94a6181de9b8cfbf0ffa29b64a1c320c61956,4,65,"['0x804c9b842b2748a22bb64b345453a3de7ca54a6ca45ce00d415894979e22897a', '0x0000000000000000000000002791bca1f2de4661ed88a30c99a7a9449aa84174']",0x00000000000000000000000000000000000000000031c8681a1b8ed337c9da470000000000000000000000000000000000000000005edcd5ed4515b02c789cb10000000000000000000000000000000000000000004d7497903497a3e16c3dca0000000000000000000000000000000000000000038be15799f898173c8fc68c000000000000000000000000000000000000000003b14f43170c11262b67b71e
58249518,2024-06-17 00:08:02,0x141eee083be4029031ee900590c94a6181de9b8cfbf0ffa29b64a1c320c61956,4,70,"['0x2b627736bca15cd5381dcf80b0bf11fd197d01a037c52b927a881a10fb73ba61', '0x0000000000000000000000002791bca1f2de4661ed88a30c99a7a9449aa84174', '0x000000000000000000000000ef62e88e12df2c3901fcc429d57642ec70f2c7c9', '0x0000000000000000000000000000000000000000000000000000000000000000']",0x000000000000000000000000c4aff49fced8ac1d818a6dcab063f9f97e66ec5e00000000000000000000000000000000000000000000000000000001aefd2e16
58249600,2024-06-17 00:10:58,0x1912c0b1d30b317ecfa562c50425861cd07cb6fa252d8235fc869a8ea2cf50bf,6,41,"['0x804c9b842b2748a22bb64b345453a3de7ca54a6ca45ce00d415894979e22897a', '0x0000000000000000000000002791bca1f2de4661ed88a30c99a7a9449aa84174']",0x00000000000000000000000000000000000000000031c8649ab0013daaead2580000000000000000000000000000000000000000005edcd5c90f21e144a6b7d40000000000000000000000000000000000000000004d7494bbfd8b79c5065c8d0000000000000000000000000000000000000000038be16b9602877f0eb14c59000000000000000000000000000000000000000003b14f637715afd17f8badc8
58249600,2024-06-17 00:10:58,0x1912c0b1d30b317ecfa562c50425861cd07cb6fa252d8235fc869a8ea2cf50bf,6,46,"['0x2b627736bca15cd5381dcf80b0bf11fd197d01a037c52b927a881a10fb73ba61', '0x0000000000000000000000002791bca1f2de4661ed88a30c99a7a9449aa84174', '0x000000000000000000000000fad1c1ba75a975bc8354509c3fd0573bcfefb60d', '0x0000000000000000000000000000000000000000000000000000000000000000']",0x000000000000000000000000c4aff49fced8ac1d818a6dcab063f9f97e66ec5e00000000000000000000000000000000000000000000000000000000014e1bbc
58249643,2024-06-17 00:12:28,0xbe28aa7b39008f195b0c67a45caa3f50443d0c5ddd5b93782b1690b5bfde6c22,76,267,"['0x804c9b842b2748a22bb64b345453a3de7ca54a6ca45ce00d415894979e22897a', '0x0000000000000000000000002791bca1f2de4661ed88a30c99a7a9449aa84174']",0x00000000000000000000000000000000000000000031c87746970d928969b4510000000000000000000000000000000000000000005edcd688493cadd86d7dcf0000000000000000000000000000000000000000004d74a3ac87a375508dd4240000000000000000000000000000000000000000038be175ce2a069b01616275000000000000000000000000000000000000000003b14f740548f9aab3303adc
58249643,2024-06-17 00:12:28,0xbe28aa7b39008f195b0c67a45caa3f50443d0c5ddd5b93782b1690b5bfde6c22,76,271,"['0x3115d1449a7b732c986cba18244e897a450f61e1bb8d589cd2e69e6c8924f9f7', '0x0000000000000000000000002791bca1f2de4661ed88a30c99a7a9449aa84174', '0x000000000000000000000000c247ce989d816b022a8f0934d84ca13fd5e0054b', '0x000000000000000000000000c247ce989d816b022a8f0934d84ca13fd5e0054b']",0x0000000000000000000000000000000000000000000000000000000005f5e100
58249665,2024-06-17 00:13:16,0x2a8888ef20ec941a7c5313f27693d13b6437722969bb3ce0c74338b63fa0fc7b,9,106,"['0x804c9b842b2748a22bb64b345453a3de7ca54a6ca45ce00d415894979e22897a', '0x0000000000000000000000002791bca1f2de4661ed88a30c99a7a9449aa84174']",0x00000000000000000000000000000000000000000031b8c6091ea56fe96a24040000000000000000000000000000000000000000005edc359d6ce7fbc6e8d6860000000000000000000000000000000000000000004d68115351058bf230c27a0000000000000000000000000000000000000000038be17b4174656a96088564000000000000000000000000000000000000000003b14f7cd9aa6ad9a9b7e11a
58249665,2024-06-17 00:13:16,0x2a8888ef20ec941a7c5313f27693d13b6437722969bb3ce0c74338b63fa0fc7b,9,111,"['0x2b627736bca15cd5381dcf80b0bf11fd197d01a037c52b927a881a10fb73ba61', '0x0000000000000000000000002791bca1f2de4661ed88a30c99a7a9449aa84174', '0x000000000000000000000000fad1c1ba75a975bc8354509c3fd0573bcfefb60d', '0x0000000000000000000000000000000000000000000000000000000000000000']",0x000000000000000000000000c4aff49fced8ac1d818a6dcab063f9f97e66ec5e00000000000000000000000000000000000000000000000000000005169cde7c
58249936,2024-06-17 00:22:52,0x7aa1ee31fec8f65ab86962d75e1baacf37329673e92226786e17cc8883c97e54,107,255,"['0x804c9b842b2748a22bb64b345453a3de7ca54a6ca45ce00d415894979e22897a', '0x0000000000000000000000002791bca1f2de4661ed88a30c99a7a9449aa84174']",0x00000000000000000000000000000000000000000031bccc33c128b79763d2fa0000000000000000000000000000000000000000005edc5ddf6419a3f69698f80000000000000000000000000000000000000000004d6b367aa0e6afabc3f3710000000000000000000000000000000000000000038be1bc94537183c3876021000000000000000000000000000000000000000003b14fe6bd0f9c7a55837a7f
58249936,2024-06-17 00:22:52,0x7aa1ee31fec8f65ab86962d75e1baacf37329673e92226786e17cc8883c97e54,107,257,"['0xb3d084820fb1a9decffb176436bd02558d15fac9b0ddfed8c465bc7359d7dce0', '0x0000000000000000000000002791bca1f2de4661ed88a30c99a7a9449aa84174', '0x000000000000000000000000c21ff9d7054aae5fb399856ef4832592e9f13ac0', '0x0000000000000000000000000000000000000000000000000000000000000000']",0x000000000000000000000000c21ff9d7054aae5fb399856ef4832592e9f13ac000000000000000000000000000000000000000000000000000000001122e6e0000000000000000000000000000000000000000000000000000000000000000020000000000000000000000000000000000000000004d6b367aa0e6afabc3f371
58249963,2024-06-17 00:23:48,0x824e7cd9d7cfa0b4ecc258ad509e2222130e6c446fc9746649f528504eec2250,71,330,"['0x804c9b842b2748a22bb64b345453a3de7ca54a6ca45ce00d415894979e22897a', '0x0000000000000000000000002791bca1f2de4661ed88a30c99a7a9449aa84174']",0x00000000000000000000000000000000000000000031bccbcf7dfed5b0c4be8a0000000000000000000000000000000000000000005edc5ddb4307636852bc130000000000000000000000000000000000000000004d6b36280b79a48e76b17e0000000000000000000000000000000000000000038be1c2eead2afc28f5614f000000000000000000000000000000000000000003b14ff108ec4660f984cffc
58249963,2024-06-17 00:23:48,0x824e7cd9d7cfa0b4ecc258ad509e2222130e6c446fc9746649f528504eec2250,71,336,"['0x2b627736bca15cd5381dcf80b0bf11fd197d01a037c52b927a881a10fb73ba61', '0x0000000000000000000000002791bca1f2de4661ed88a30c99a7a9449aa84174', '0x000000000000000000000000c590175e458b83680867afd273527ff58f74c02b', '0x0000000000000000000000000000000000000000000000000000000000000000']",0x0000000000000000000000001e82ad8a12068a85fcb96368463b434e77b2120100000000000000000000000000000000000000000000000000000000002e9421
58249974,2024-06-17 00:24:12,0x1195c8e7a72fc33ab58535025d6ca6375d8f5d9ee7a0fd6f79e222fafac57ba4,7,282,"['0x804c9b842b2748a22bb64b345453a3de7ca54a6ca45ce00d415894979e22897a', '0x0000000000000000000000002791bca1f2de4661ed88a30c99a7a9449aa84174']",0x00000000000000000000000000000000000000000032881b3fa113d40243df410000000000000000000000000000000000000000005ee47abe809f6c1c0e5c490000000000000000000000000000000000000000004e0d77e8db5a52991f35c00000000000000000000000000000000000000000038be1c5a7af0c259787963b000000000000000000000000000000000000000003b14ff5729400fd48b0c9a2
58249974,2024-06-17 00:24:12,0x1195c8e7a72fc33ab58535025d6ca6375d8f5d9ee7a0fd6f79e222fafac57ba4,7,287,"['0x3115d1449a7b732c986cba18244e897a450f61e1bb8d589cd2e69e6c8924f9f7', '0x0000000000000000000000002791bca1f2de4661ed88a30c99a7a9449aa84174', '0x0000000000000000000000008290fda77c43437ab141d02ebc05f95bdd96e182', '0x0000000000000000000000008290fda77c43437ab141d02ebc05f95bdd96e182']",0x000000000000000000000000000000000000000000000000000000412b152578
58249974,2024-06-17 00:24:12,0x1195c8e7a72fc33ab58535025d6ca6375d8f5d9ee7a0fd6f79e222fafac57ba4,7,301,"['0x804c9b842b2748a22bb64b345453a3de7ca54a6ca45ce00d415894979e22897a', '0x0000000000000000000000002791bca1f2de4661ed88a30c99a7a9449aa84174']",0x00000000000000000000000000000000000000000031bbbdf9f48e4c1ed619270000000000000000000000000000000000000000005edc530bc0e59b8494e6560000000000000000000000000000000000000000004d6a5df1e0d606c3a1fead0000000000000000000000000000000000000000038be1c5a7af0c259787963b000000000000000000000000000000000000000003b14ff5729400fd48b0c9a2
58249974,2024-06-17 00:24:12,0x1195c8e7a72fc33ab58535025d6ca6375d8f5d9ee7a0fd6f79e222fafac57ba4,7,307,"['0x2b627736bca15cd5381dcf80b0bf11fd197d01a037c52b927a881a10fb73ba61', '0x0000000000000000000000002791bca1f2de4661ed88a30c99a7a9449aa84174', '0x0000000000000000000000008290fda77c43437ab141d02ebc05f95bdd96e182', '0x0000000000000000000000000000000000000000000000000000000000000000']",0x0000000000000000000000008290fda77c43437ab141d02ebc05f95bdd96e1820000000000000000000000000000000000000000000000000000004182a86a11
58250075,2024-06-17 00:27:46,0x57edd55ddfa5dc01c1baa8ef174936c5759c3b0658761ec1cdf9bb397ea2a3f1,18,141,"['0x804c9b842b2748a22bb64b345453a3de7ca54a6ca45ce00d415894979e22897a', '0x0000000000000000000000002791bca1f2de4661ed88a30c99a7a9449aa84174']",0x0000000000000000000000000000000000000000003164041c44083a153b27f20000000000000000000000000000000000000000005ed8cdbd74364789a235c80000000000000000000000000000000000000000004d23f3d3e3237728ac33a10000000000000000000000000000000000000000038be1ddee26d67f90d04783000000000000000000000000000000000000000003b1501ccae9475313b6c8d1
58250075,2024-06-17 00:27:46,0x57edd55ddfa5dc01c1baa8ef174936c5759c3b0658761ec1cdf9bb397ea2a3f1,18,146,"['0x2b627736bca15cd5381dcf80b0bf11fd197d01a037c52b927a881a10fb73ba61', '0x0000000000000000000000002791bca1f2de4661ed88a30c99a7a9449aa84174', '0x000000000000000000000000efe5e302c2ee5f641bfd916cf308e0ec4e5a6bf8', '0x0000000000000000000000000000000000000000000000000000000000000000']",0x000000000000000000000000c4aff49fced8ac1d818a6dcab063f9f97e66ec5e0000000000000000000000000000000000000000000000000000001c9e150b9f
58250129,2024-06-17 00:29:42,0xaff3483f73ef35b584498833f6657e4b0676f80dcaff0a156b114aa98d8f4e49,23,223,"['0x804c9b842b2748a22bb64b345453a3de7ca54a6ca45ce00d415894979e22897a', '0x0000000000000000000000002791bca1f2de4661ed88a30c99a7a9449aa84174']",0x000000000000000000000000000000000000000000311d6cf9b89da62ca8c4430000000000000000000000000000000000000000005ed5f637aff6e79d6b080b0000000000000000000000000000000000000000004ceb1d608e2ff8b45ca0e90000000000000000000000000000000000000000038be1eaff884dbb15b47c0e000000000000000000000000000000000000000003b150320b48e40147ea3b66
58250129,2024-06-17 00:29:42,0xaff3483f73ef35b584498833f6657e4b0676f80dcaff0a156b114aa98d8f4e49,23,228,"['0x2b627736bca15cd5381dcf80b0bf11fd197d01a037c52b927a881a10fb73ba61', '0x0000000000000000000000002791bca1f2de4661ed88a30c99a7a9449aa84174', '0x000000000000000000000000efe5e302c2ee5f641bfd916cf308e0ec4e5a6bf8', '0x0000000000000000000000000000000000000000000000000000000000000000']",0x000000000000000000000000c4aff49fced8ac1d818a6dcab063f9f97e66ec5e000000000000000000000000000000000000000000000000000000173fafa87f
58250162,2024-06-17 00:30:52,0x211869ecd3881a1f51c3d1824622902008487bfa2d97475c8d310383915f653d,41,111,"['0x804c9b842b2748a22bb64b345453a3de7ca54a6ca45ce00d415894979e22897a', '0x0000000000000000000000002791bca1f2de4661ed88a30c99a7a9449aa84174']",0x000000000000000000000000000000000000000000311d6d2a9052e7b4d206340000000000000000000000000000000000000000005ed5f63986929d4f1c8ffb0000000000000000000000000000000000000000004ceb1d85525a2a963b3f9a0000000000000000000000000000000000000000038be1f2d706caf1a101ccba000000000000000000000000000000000000000003b1503ed4d2187a24f03598
58250200,2024-06-17 00:32:12,0x0e029aab91a6ae0e7c5b5450dd22d7cf619913aa63417f44cb8cd1d7dfe25732,10,234,"['0x804c9b842b2748a22bb64b345453a3de7ca54a6ca45ce00d415894979e22897a', '0x0000000000000000000000002791bca1f2de4661ed88a30c99a7a9449aa84174']",0x00000000000000000000000000000000000000000030ea9d17b9f05c72c802960000000000000000000000000000000000000000005ed3e94574857d26b129e50000000000000000000000000000000000000000004cc21a73e953a76dd745dc0000000000000000000000000000000000000000038be1fbcd4e5233bc629055000000000000000000000000000000000000000003b1504d72016d14b9ef8588
58250200,2024-06-17 00:32:12,0x0e029aab91a6ae0e7c5b5450dd22d7cf619913aa63417f44cb8cd1d7dfe25732,10,239,"['0x2b627736bca15cd5381dcf80b0bf11fd197d01a037c52b927a881a10fb73ba61', '0x0000000000000000000000002791bca1f2de4661ed88a30c99a7a9449aa84174', '0x000000000000000000000000efe5e302c2ee5f641bfd916cf308e0ec4e5a6bf8', '0x0000000000000000000000000000000000000000000000000000000000000000']",0x000000000000000000000000c4aff49fced8ac1d818a6dcab063f9f97e66ec5e00000000000000000000000000000000000000000000000000000010dbe6a01b
58250279,2024-06-17 00:35:00,0xa076a4d042e530960a97c318734495fad63025433fc9ad9d6921d44a681b6219,24,142,"['0x804c9b842b2748a22bb64b345453a3de7ca54a6ca45ce00d415894979e22897a', '0x0000000000000000000000002791bca1f2de4661ed88a30c99a7a9449aa84174']",0x00000000000000000000000000000000000000000030bf8bd399db389a799b5c0000000000000000000000000000000000000000005ed22b8063c562cecadf8f0000000000000000000000000000000000000000004c9f470e9a51988fd977350000000000000000000000000000000000000000038be20e8bd293cb5ab1b335000000000000000000000000000000000000000003b1506c12222ac272a42ae0
58250279,2024-06-17 00:35:00,0xa076a4d042e530960a97c318734495fad63025433fc9ad9d6921d44a681b6219,24,147,"['0x2b627736bca15cd5381dcf80b0bf11fd197d01a037c52b927a881a10fb73ba61', '0x0000000000000000000000002791bca1f2de4661ed88a30c99a7a9449aa84174', '0x0000000000000000000000005a2498bc0bf25bc3cfee0b039b16e0952a278798', '0x0000000000000000000000000000000000000000000000000000000000000000']",0x000000000000000000000000c4aff49fced8ac1d818a6dcab063f9f97e66ec5e0000000000000000000000000000000000000000000000000000000e5f292f22
58250314,2024-06-17 00:36:14,0xd22fa08382dec2279eb00a08f9b86b91bc931c7cacfb984765dfbd74c44b28fc,7,20,"['0x804c9b842b2748a22bb64b345453a3de7ca54a6ca45ce00d415894979e22897a', '0x0000000000000000000000002791bca1f2de4661ed88a30c99a7a9449aa84174']",0x00000000000000000000000000000000000000000030d939f8d679a60863d3690000000000000000000000000000000000000000005ed32eefe8b56da89cb6810000000000000000000000000000000000000000004cb38bc4fd1271943e42110000000000000000000000000000000000000000038be216c62fb84490377462000000000000000000000000000000000000000003b15079896768679a2f9e28
58250314,2024-06-17 00:36:14,0xd22fa08382dec2279eb00a08f9b86b91bc931c7cacfb984765dfbd74c44b28fc,7,22,"['0xb3d084820fb1a9decffb176436bd02558d15fac9b0ddfed8c465bc7359d7dce0', '0x0000000000000000000000002791bca1f2de4661ed88a30c99a7a9449aa84174', '0x000000000000000000000000caf744e0f6d8dbd082cf2f86028f2e1abfc7befb', '0x0000000000000000000000000000000000000000000000000000000000000000']",0x0000000000000000000000007211ec72499d0b31a938174c8f287a2bee7289fb00000000000000000000000000000000000000000000000000000006fc23ac0000000000000000000000000000000000000000000000000000000000000000020000000000000000000000000000000000000000004cb38bc4fd1271943e4211
58250320,2024-06-17 00:36:28,0x7541b5f9218429c25245a5c7986178b6f02a07897ee44842c0edc8042d4b44e3,4,120,"['0x804c9b842b2748a22bb64b345453a3de7ca54a6ca45ce00d415894979e22897a', '0x0000000000000000000000002791bca1f2de4661ed88a30c99a7a9449aa84174']",0x00000000000000000000000000000000000000000030abdc22dfb03a2bce1e2a0000000000000000000000000000000000000000005ed1590ce62f7afbd129b30000000000000000000000000000000000000000004c8ed608ca9b7c145742070000000000000000000000000000000000000000038be2185581fc71f7b3cd8a000000000000000000000000000000000000000003b1507c1643a48127158a8d
58250320,2024-06-17 00:36:28,0x7541b5f9218429c25245a5c7986178b6f02a07897ee44842c0edc8042d4b44e3,4,125,"['0x2b627736bca15cd5381dcf80b0bf11fd197d01a037c52b927a881a10fb73ba61', '0x0000000000000000000000002791bca1f2de4661ed88a30c99a7a9449aa84174', '0x0000000000000000000000005a2498bc0bf25bc3cfee0b039b16e0952a278798', '0x0000000000000000000000000000000000000000000000000000000000000000']",0x000000000000000000000000c4aff49fced8ac1d818a6dcab063f9f97e66ec5e0000000000000000000000000000000000000000000000000000000f3032f9bf
58250821,2024-06-17 00:54:13,0x86731fcdfdf52707381025d5d8bc2d3fbe533126bddb76b12a80334f2893b3d6,9,33,"['0x804c9b842b2748a22bb64b345453a3de7ca54a6ca45ce00d415894979e22897a', '0x0000000000000000000000002791bca1f2de4661ed88a30c99a7a9449aa84174']",0x00000000000000000000000000000000000000000031715e62fa4e4b1fcb85990000000000000000000000000000000000000000005ed95090fe3f40aec661990000000000000000000000000000000000000000004d2e2c5aabd6ee0f7f9ff50000000000000000000000000000000000000000038be28e9040ac28b221023a000000000000000000000000000000000000000003b1513db981fc4a5b1ad5fb
58250821,2024-06-17 00:54:13,0x86731fcdfdf52707381025d5d8bc2d3fbe533126bddb76b12a80334f2893b3d6,9,38,"['0x3115d1449a7b732c986cba18244e897a450f61e1bb8d589cd2e69e6c8924f9f7', '0x0000000000000000000000002791bca1f2de4661ed88a30c99a7a9449aa84174', '0x0000000000000000000000008290fda77c43437ab141d02ebc05f95bdd96e182', '0x0000000000000000000000008290fda77c43437ab141d02ebc05f95bdd96e182']",0x0000000000000000000000000000000000000000000000000000004182b6e94e
58250821,2024-06-17 00:54:13,0x86731fcdfdf52707381025d5d8bc2d3fbe533126bddb76b12a80334f2893b3d6,9,56,"['0x804c9b842b2748a22bb64b345453a3de7ca54a6ca45ce00d415894979e22897a', '0x0000000000000000000000002791bca1f2de4661ed88a30c99a7a9449aa84174']",0x00000000000000000000000000000000000000000030a57a5cf6228676e6984c0000000000000000000000000000000000000000005ed116df6c5dee70c76ba90000000000000000000000000000000000000000004c89aa7b463c81379469320000000000000000000000000000000000000000038be28e9040ac28b221023a000000000000000000000000000000000000000003b1513db981fc4a5b1ad5fb
58250821,2024-06-17 00:54:13,0x86731fcdfdf52707381025d5d8bc2d3fbe533126bddb76b12a80334f2893b3d6,9,62,"['0x2b627736bca15cd5381dcf80b0bf11fd197d01a037c52b927a881a10fb73ba61', '0x0000000000000000000000002791bca1f2de4661ed88a30c99a7a9449aa84174', '0x0000000000000000000000008290fda77c43437ab141d02ebc05f95bdd96e182', '0x0000000000000000000000000000000000000000000000000000000000000000']",0x0000000000000000000000008290fda77c43437ab141d02ebc05f95bdd96e18200000000000000000000000000000000000000000000000000000043a8864238
58250872,2024-06-17 00:56:01,0x7f16940d31ffa646b1721782c1e9ceac26d4e9e7699bbeaaafb1705a327943b8,24,386,"['0x804c9b842b2748a22bb64b345453a3de7ca54a6ca45ce00d415894979e22897a', '0x0000000000000000000000002791bca1f2de4661ed88a30c99a7a9449aa84174']",0x00000000000000000000000000000000000000000030a57b116b1813618a1f920000000000000000000000000000000000000000005ed116e686e6b0f55aeb7c0000000000000000000000000000000000000000004c89ab0958ebb3931a65b60000000000000000000000000000000000000000038be29a8bfd86856677afa1000000000000000000000000000000000000000003b151515b2220f9da03c8aa
58250872,2024-06-17 00:56:01,0x7f16940d31ffa646b1721782c1e9ceac26d4e9e7699bbeaaafb1705a327943b8,24,390,"['0x3115d1449a7b732c986cba18244e897a450f61e1bb8d589cd2e69e6c8924f9f7', '0x0000000000000000000000002791bca1f2de4661ed88a30c99a7a9449aa84174', '0x000000000000000000000000e3e5e1946d6e4d8a5e5f155b6e059a2ca7c43c58', '0x000000000000000000000000a9cffe466ba8a72707d1104de239c9ab477e2493']",0x00000000000000000000000000000000000000000000000000000000001fff02
58250961,2024-06-17 00:59:15,0xe5f78e0ddfdff7dd117090d724dcbdc15607447c64d88f58e67df91f77215998,134,589,"['0x804c9b842b2748a22bb64b345453a3de7ca54a6ca45ce00d415894979e22897a', '0x0000000000000000000000002791bca1f2de4661ed88a30c99a7a9449aa84174']",0x00000000000000000000000000000000000000000030a8210d03f6041530b27b0000000000000000000000000000000000000000005ed1325c35509fd9c895500000000000000000000000000000000000000000004c8bd03af9325d6babaa390000000000000000000000000000000000000000038be2b0128efcaeec99e9a2000000000000000000000000000000000000000003b151749ea6a0f78df22d0e
58250961,2024-06-17 00:59:15,0xe5f78e0ddfdff7dd117090d724dcbdc15607447c64d88f58e67df91f77215998,134,593,"['0x3115d1449a7b732c986cba18244e897a450f61e1bb8d589cd2e69e6c8924f9f7', '0x0000000000000000000000002791bca1f2de4661ed88a30c99a7a9449aa84174', '0x000000000000000000000000a783f9ff9b48a3139c01d2885007f4f5b3623cd0', '0x000000000000000000000000cdc5560ab926dca3d4989bf814469af3f989ab2c']",0x00000000000000000000000000000000000000000000000000000000e38de19f
58250961,2024-06-17 00:59:15,0xe5f78e0ddfdff7dd117090d724dcbdc15607447c64d88f58e67df91f77215998,134,602,"['0x804c9b842b2748a22bb64b345453a3de7ca54a6ca45ce00d415894979e22897a', '0x0000000000000000000000002791bca1f2de4661ed88a30c99a7a9449aa84174']",0x00000000000000000000000000000000000000000030a7e664d4d8495d0e993a0000000000000000000000000000000000000000005ed12ffc050031b7879d080000000000000000000000000000000000000000004c8ba0b732e9c2be9844a80000000000000000000000000000000000000000038be2b0128efcaeec99e9a2000000000000000000000000000000000000000003b151749ea6a0f78df22d0e
58250961,2024-06-17 00:59:15,0xe5f78e0ddfdff7dd117090d724dcbdc15607447c64d88f58e67df91f77215998,134,607,"['0x2b627736bca15cd5381dcf80b0bf11fd197d01a037c52b927a881a10fb73ba61', '0x0000000000000000000000002791bca1f2de4661ed88a30c99a7a9449aa84174', '0x000000000000000000000000a783f9ff9b48a3139c01d2885007f4f5b3623cd0', '0x0000000000000000000000000000000000000000000000000000000000000000']",0x000000000000000000000000a783f9ff9b48a3139c01d2885007f4f5b3623cd00000000000000000000000000000000000000000000000000000000013b3a562
58251196,2024-06-17 01:07:46,0xe00a9fc8f8e34f6f473761a55ce0a913f37ed07ac228c835d43b64bd6e8435c5,58,280,"['0x804c9b842b2748a22bb64b345453a3de7ca54a6ca45ce00d415894979e22897a', '0x0000000000000000000000002791bca1f2de4661ed88a30c99a7a9449aa84174']",0x00000000000000000000000000000000000000000030a840b2c2112502fc15040000000000000000000000000000000000000000005ed133a35e8c90654f31280000000000000000000000000000000000000000004c8be9ca31e128522fd72a0000000000000000000000000000000000000000038be2e8c85572fd6052c06d000000000000000000000000000000000000000003b151d183b89f190b8948a4
58251196,2024-06-17 01:07:46,0xe00a9fc8f8e34f6f473761a55ce0a913f37ed07ac228c835d43b64bd6e8435c5,58,284,"['0x3115d1449a7b732c986cba18244e897a450f61e1bb8d589cd2e69e6c8924f9f7', '0x0000000000000000000000002791bca1f2de4661ed88a30c99a7a9449aa84174', '0x000000000000000000000000c247ce989d816b022a8f0934d84ca13fd5e0054b', '0x000000000000000000000000c247ce989d816b022a8f0934d84ca13fd5e0054b']",0x000000000000000000000000000000000000000000000000000000001dcd6500
58251233,2024-06-17 01:09:08,0x2e44166e9180a2f9b4a5f8fb27e6371741fb47ed70b8ad3dab7f9cd84bdf0a58,130,670,"['0x804c9b842b2748a22bb64b345453a3de7ca54a6ca45ce00d415894979e22897a', '0x0000000000000000000000002791bca1f2de4661ed88a30c99a7a9449aa84174']",0x00000000000000000000000000000000000000000030ba3f085f48451d97e9fc0000000000000000000000000000000000000000005ed1e99df17550275a057c0000000000000000000000000000000000000000004c9a215dac10237b086dc00000000000000000000000000000000000000000038be2f1e2108614c779c4ca000000000000000000000000000000000000000003b151e06beba7741a0ab8a8
58251233,2024-06-17 01:09:08,0x2e44166e9180a2f9b4a5f8fb27e6371741fb47ed70b8ad3dab7f9cd84bdf0a58,130,672,"['0xb3d084820fb1a9decffb176436bd02558d15fac9b0ddfed8c465bc7359d7dce0', '0x0000000000000000000000002791bca1f2de4661ed88a30c99a7a9449aa84174', '0x0000000000000000000000008706b0771cb22e28e4142d0adeff53609a03ead8', '0x0000000000000000000000000000000000000000000000000000000000000000']",0x000000000000000000000000213c9062d6d00a06812b1de290c1a4a6cde1738000000000000000000000000000000000000000000000000000000004e8cb25af00000000000000000000000000000000000000000000000000000000000000020000000000000000000000000000000000000000004c9a215dac10237b086dc0
58251237,2024-06-17 01:09:16,0xa45829862f930fea632fb67fd70502844c5de880987254b8f5b793d4586d0876,63,454,"['0x804c9b842b2748a22bb64b345453a3de7ca54a6ca45ce00d415894979e22897a', '0x0000000000000000000000002791bca1f2de4661ed88a30c99a7a9449aa84174']",0x00000000000000000000000000000000000000000030aab145c5fb75fe43c8020000000000000000000000000000000000000000005ed14c520db1d24d3fc1850000000000000000000000000000000000000000004c8dd76fe0ca4e70fb1e5a0000000000000000000000000000000000000000038be2f2c5af080532cfe016000000000000000000000000000000000000000003b151e1e080b8ee003c4da5
58251237,2024-06-17 01:09:16,0xa45829862f930fea632fb67fd70502844c5de880987254b8f5b793d4586d0876,63,457,"['0xa534c8dbe71f871f9f3530e97a74601fea17b426cae02e1c5aee42c96c784051', '0x0000000000000000000000002791bca1f2de4661ed88a30c99a7a9449aa84174', '0x0000000000000000000000008706b0771cb22e28e4142d0adeff53609a03ead8', '0x000000000000000000000000213c9062d6d00a06812b1de290c1a4a6cde17380']",0x000000000000000000000000000000000000000000000000000000043e6505610000000000000000000000000000000000000000000000000000000000000000
58251238,2024-06-17 01:09:18,0xd84bc27b6e93675a6262c9afcad785a32d92052491952d2cfbeb00042738be27,121,642,"['0x804c9b842b2748a22bb64b345453a3de7ca54a6ca45ce00d415894979e22897a', '0x0000000000000000000000002791bca1f2de4661ed88a30c99a7a9449aa84174']",0x00000000000000000000000000000000000000000030a922f39d23d54037d61b0000000000000000000000000000000000000000005ed13c305e9cd21d96f5030000000000000000000000000000000000000000004c8c94ce33264ab7cb244e0000000000000000000000000000000000000000038be2f2fe847e98c284722b000000000000000000000000000000000000000003b151e23d970c0b1481eab1
58251238,2024-06-17 01:09:18,0xd84bc27b6e93675a6262c9afcad785a32d92052491952d2cfbeb00042738be27,121,647,"['0x2b627736bca15cd5381dcf80b0bf11fd197d01a037c52b927a881a10fb73ba61', '0x0000000000000000000000002791bca1f2de4661ed88a30c99a7a9449aa84174', '0x000000000000000000000000db92b89ca415c0dab40dc96e99fc411c08f20780', '0x0000000000000000000000000000000000000000000000000000000000000000']",0x000000000000000000000000db92b89ca415c0dab40dc96e99fc411c08f207800000000000000000000000000000000000000000000000000000000085c5c10a
58251352,2024-06-17 01:14:02,0xe764e7cd20d51b54dfed6913a7978a41b1e231e38d2ad9364ff981b26bb7d622,78,251,"['0x804c9b842b2748a22bb64b345453a3de7ca54a6ca45ce00d415894979e22897a', '0x0000000000000000000000002791bca1f2de4661ed88a30c99a7a9449aa84174']",0x00000000000000000000000000000000000000000030a98e4f0c173f952cde060000000000000000000000000000000000000000005ed14088e6e6d3e7e738ff0000000000000000000000000000000000000000004c8cebb8d8ee6e861073e80000000000000000000000000000000000000000038be31283ea40e5e0f2c851000000000000000000000000000000000000000003b15215df20f5c1309e3ef6
58251352,2024-06-17 01:14:02,0xe764e7cd20d51b54dfed6913a7978a41b1e231e38d2ad9364ff981b26bb7d622,78,255,"['0x3115d1449a7b732c986cba18244e897a450f61e1bb8d589cd2e69e6c8924f9f7', '0x0000000000000000000000002791bca1f2de4661ed88a30c99a7a9449aa84174', '0x000000000000000000000000db92b89ca415c0dab40dc96e99fc411c08f20780', '0x000000000000000000000000db92b89ca415c0dab40dc96e99fc411c08f20780']",0x0000000000000000000000000000000000000000000000000000000023c350d9
58251458,2024-06-17 01:17:48,0x856d5bc8c1d81390d5d0b884d083394dec3788f0c6c16f6dffd1ac83bc53befe,229,846,"['0x804c9b842b2748a22bb64b345453a3de7ca54a6ca45ce00d415894979e22897a', '0x0000000000000000000000002791bca1f2de4661ed88a30c99a7a9449aa84174']",0x00000000000000000000000000000000000000000030aaf5094676dc09d2f0520000000000000000000000000000000000000000005ed14f0f9afcd626aef2750000000000000000000000000000000000000000004c8e0e3eeaa69b6daaf1310000000000000000000000000000000000000000038be32b998e7c0955861b17000000000000000000000000000000000000000003b1523ef580467295b89040
58251458,2024-06-17 01:17:48,0x856d5bc8c1d81390d5d0b884d083394dec3788f0c6c16f6dffd1ac83bc53befe,229,850,"['0x3115d1449a7b732c986cba18244e897a450f61e1bb8d589cd2e69e6c8924f9f7', '0x0000000000000000000000002791bca1f2de4661ed88a30c99a7a9449aa84174', '0x000000000000000000000000c247ce989d816b022a8f0934d84ca13fd5e0054b', '0x000000000000000000000000c247ce989d816b022a8f0934d84ca13fd5e0054b']",0x00000000000000000000000000000000000000000000000000000000783c1586
58251572,2024-06-17 01:21:50,0x9596604a18e92193827edf0b383fab0ca7904ac35210e4084ba2841846223122,112,395,"['0x804c9b842b2748a22bb64b345453a3de7ca54a6ca45ce00d415894979e22897a', '0x0000000000000000000000002791bca1f2de4661ed88a30c99a7a9449aa84174']",0x00000000000000000000000000000000000000000030aafe8481a2582919f7aa0000000000000000000000000000000000000000005ed14f6f3f3d7330ecd1a40000000000000000000000000000000000000000004c8e15b7bfb2e03a8060d20000000000000000000000000000000000000000038be346769a9da32fd70f11000000000000000000000000000000000000000003b1526af532685cf6a7b1a4
58251572,2024-06-17 01:21:50,0x9596604a18e92193827edf0b383fab0ca7904ac35210e4084ba2841846223122,112,397,"['0xb3d084820fb1a9decffb176436bd02558d15fac9b0ddfed8c465bc7359d7dce0', '0x0000000000000000000000002791bca1f2de4661ed88a30c99a7a9449aa84174', '0x000000000000000000000000d84c60bc081bdddb5e93c53ac495bf3df996a356', '0x0000000000000000000000000000000000000000000000000000000000000000']",0x000000000000000000000000d84c60bc081bdddb5e93c53ac495bf3df996a3560000000000000000000000000000000000000000000000000000000002625a0000000000000000000000000000000000000000000000000000000000000000020000000000000000000000000000000000000000004c8e15b7bfb2e03a8060d2
58251639,2024-06-17 01:24:14,0x1f642b03936c951a2aca766b4773de10e676cc4b5831c9c68ebb542dc7ea3cde,10,46,"['0x804c9b842b2748a22bb64b345453a3de7ca54a6ca45ce00d415894979e22897a', '0x0000000000000000000000002791bca1f2de4661ed88a30c99a7a9449aa84174']",0x0000000000000000000000000000000000000000003177012d081c5e04bc88f70000000000000000000000000000000000000000005ed989e241e1052c4a3a640000000000000000000000000000000000000000004d32a6b3f47a47ddcc8fc70000000000000000000000000000000000000000038be35672becf56e1078d37000000000000000000000000000000000000000003b1528523933ca140dbaad3
58251639,2024-06-17 01:24:14,0x1f642b03936c951a2aca766b4773de10e676cc4b5831c9c68ebb542dc7ea3cde,10,51,"['0x3115d1449a7b732c986cba18244e897a450f61e1bb8d589cd2e69e6c8924f9f7', '0x0000000000000000000000002791bca1f2de4661ed88a30c99a7a9449aa84174', '0x0000000000000000000000008290fda77c43437ab141d02ebc05f95bdd96e182', '0x0000000000000000000000008290fda77c43437ab141d02ebc05f95bdd96e182']",0x00000000000000000000000000000000000000000000000000000043a8952799
58251639,2024-06-17 01:24:14,0x1f642b03936c951a2aca766b4773de10e676cc4b5831c9c68ebb542dc7ea3cde,10,65,"['0x804c9b842b2748a22bb64b345453a3de7ca54a6ca45ce00d415894979e22897a', '0x0000000000000000000000002791bca1f2de4661ed88a30c99a7a9449aa84174']",0x00000000000000000000000000000000000000000030ab19ad22c01e1664ceb70000000000000000000000000000000000000000005ed15088887f1c6c89f4f60000000000000000000000000000000000000000004c8e2bb178d418e2c723340000000000000000000000000000000000000000038be35672becf56e1078d37000000000000000000000000000000000000000003b1528523933ca140dbaad3
58251639,2024-06-17 01:24:14,0x1f642b03936c951a2aca766b4773de10e676cc4b5831c9c68ebb542dc7ea3cde,10,71,"['0x2b627736bca15cd5381dcf80b0bf11fd197d01a037c52b927a881a10fb73ba61', '0x0000000000000000000000002791bca1f2de4661ed88a30c99a7a9449aa84174', '0x0000000000000000000000008290fda77c43437ab141d02ebc05f95bdd96e182', '0x0000000000000000000000000000000000000000000000000000000000000000']",0x0000000000000000000000008290fda77c43437ab141d02ebc05f95bdd96e182000000000000000000000000000000000000000000000000000000439f9cac40
58251872,2024-06-17 01:32:39,0x808ef2f39ea8250b923800047656f8595dda720b912c05917f2d15c5451f2d02,219,842,"['0x804c9b842b2748a22bb64b345453a3de7ca54a6ca45ce00d415894979e22897a', '0x0000000000000000000000002791bca1f2de4661ed88a30c99a7a9449aa84174']",0x00000000000000000000000000000000000000000030ab1b3f68fa639ba12cbc0000000000000000000000000000000000000000005ed15097dc26d100819e5a0000000000000000000000000000000000000000004c8e2ce401ee3472205f0a0000000000000000000000000000000000000000038be38e81c8ad613fe1ce91000000000000000000000000000000000000000003b152e0f4919087b063887e
58251872,2024-06-17 01:32:39,0x808ef2f39ea8250b923800047656f8595dda720b912c05917f2d15c5451f2d02,219,852,"['0xe413a321e8681d831f4dbccbca790d2952b56f977908e45be37335533e005286', '0x0000000000000000000000002791bca1f2de4661ed88a30c99a7a9449aa84174', '0x0000000000000000000000008f3cf7ad23cd3cadbd9735aff958023239c6a063', '0x0000000000000000000000008a4c23f686313ea8edabd95c77dbf60c65c52e99']",0x00000000000000000000000000000000000000000000000001248875971e62be00000000000000000000000000000000000000000000000000000000000150150000000000000000000000003cf7a3399439e3c10e2ea7e01272b54a66a04ba60000000000000000000000000000000000000000000000000000000000000000
58251872,2024-06-17 01:32:39,0xb066ebdca291dabb4383de94b3dc5d9d239b2bd3afd7be5eb830a9f671c5850f,221,886,"['0x804c9b842b2748a22bb64b345453a3de7ca54a6ca45ce00d415894979e22897a', '0x0000000000000000000000002791bca1f2de4661ed88a30c99a7a9449aa84174']",0x00000000000000000000000000000000000000000030ab1b3a4ed9c1167531820000000000000000000000000000000000000000005ed15097a889b3ea769f3f0000000000000000000000000000000000000000004c8e2cdff9a7eeb94470e10000000000000000000000000000000000000000038be38e81c8ad613fe1ce91000000000000000000000000000000000000000003b152e0f4919087b063887e
58252069,2024-06-17 01:39:37,0xb3d4d9b85791100f794d2ef935b47c8bf138974561dd860575ea7e885bb5cff2,91,507,"['0x804c9b842b2748a22bb64b345453a3de7ca54a6ca45ce00d415894979e22897a', '0x0000000000000000000000002791bca1f2de4661ed88a30c99a7a9449aa84174']",0x00000000000000000000000000000000000000000030ab239db67b3cbf21a2220000000000000000000000000000000000000000005ed150edd2dac50e9dc3350000000000000000000000000000000000000000004c8e339b47fd458c53401b0000000000000000000000000000000000000000038be3bce87b7655183616a7000000000000000000000000000000000000000003b1532cf437c8452b3d9dc0
58252069,2024-06-17 01:39:37,0xb3d4d9b85791100f794d2ef935b47c8bf138974561dd860575ea7e885bb5cff2,91,511,"['0x3115d1449a7b732c986cba18244e897a450f61e1bb8d589cd2e69e6c8924f9f7', '0x0000000000000000000000002791bca1f2de4661ed88a30c99a7a9449aa84174', '0x000000000000000000000000b518f00e9341c0beb39040f2ef1bc1f7892f59c5', '0x000000000000000000000000b518f00e9341c0beb39040f2ef1bc1f7892f59c5']",0x0000000000000000000000000000000000000000000000000000000002625a00
58252160,2024-06-17 01:42:51,0x040fdc4fe12cbf52cc87937c66d99508390e833467344e40996a35445036d2b2,148,591,"['0x804c9b842b2748a22bb64b345453a3de7ca54a6ca45ce00d415894979e22897a', '0x0000000000000000000000002791bca1f2de4661ed88a30c99a7a9449aa84174']",0x00000000000000000000000000000000000000000030ab3bfffbce8fbfca41e60000000000000000000000000000000000000000005ed151ea3ed791ef247df30000000000000000000000000000000000000000004c8e4753b7bd4716d9d6f90000000000000000000000000000000000000000038be3d27194c8535c53348c000000000000000000000000000000000000000003b1535039e4beb7eea1edcb
58252160,2024-06-17 01:42:51,0x040fdc4fe12cbf52cc87937c66d99508390e833467344e40996a35445036d2b2,148,596,"['0x3115d1449a7b732c986cba18244e897a450f61e1bb8d589cd2e69e6c8924f9f7', '0x0000000000000000000000002791bca1f2de4661ed88a30c99a7a9449aa84174', '0x000000000000000000000000c4aff49fced8ac1d818a6dcab063f9f97e66ec5e', '0x000000000000000000000000c4aff49fced8ac1d818a6dcab063f9f97e66ec5e']",0x0000000000000000000000000000000000000000000000000000000007fcad80
58252307,2024-06-17 01:48:03,0x16803c10745889b2c32113b3370f4c54fcfd8aa7acfe361afbee5a876c13f902,57,199,"['0x804c9b842b2748a22bb64b345453a3de7ca54a6ca45ce00d415894979e22897a', '0x0000000000000000000000002791bca1f2de4661ed88a30c99a7a9449aa84174']",0x00000000000000000000000000000000000000000030ab385ec8bdc770f7180e0000000000000000000000000000000000000000005ed151c4052e518317c4540000000000000000000000000000000000000000004c8e445736843ea5db56880000000000000000000000000000000000000000038be3f514144be4fd69bac5000000000000000000000000000000000000000003b15388f3e9f9b16edfcc72
58252307,2024-06-17 01:48:03,0x16803c10745889b2c32113b3370f4c54fcfd8aa7acfe361afbee5a876c13f902,57,204,"['0x2b627736bca15cd5381dcf80b0bf11fd197d01a037c52b927a881a10fb73ba61', '0x0000000000000000000000002791bca1f2de4661ed88a30c99a7a9449aa84174', '0x000000000000000000000000539460bd8d7d6130ce6c4a65c0b59da3b3d2da42', '0x0000000000000000000000000000000000000000000000000000000000000000']",0x000000000000000000000000539460bd8d7d6130ce6c4a65c0b59da3b3d2da4200000000000000000000000000000000000000000000000000000000018aa705
58252481,2024-06-17 01:54:13,0xa5f433f0619e35dfc47b11150bba47a80edbcbca680a67eaec7589e30b7310cb,38,262,"['0x804c9b842b2748a22bb64b345453a3de7ca54a6ca45ce00d415894979e22897a', '0x0000000000000000000000002791bca1f2de4661ed88a30c99a7a9449aa84174']",0x000000000000000000000000000000000000000000317721b8db407de81acb160000000000000000000000000000000000000000005ed98b2d7381331043bd230000000000000000000000000000000000000000004d32c093d4fdddad4ac6b00000000000000000000000000000000000000000038be41e26d4af6d4c2c2789000000000000000000000000000000000000000003b153cc398c38e87e7f633b
58252481,2024-06-17 01:54:13,0xa5f433f0619e35dfc47b11150bba47a80edbcbca680a67eaec7589e30b7310cb,38,267,"['0x3115d1449a7b732c986cba18244e897a450f61e1bb8d589cd2e69e6c8924f9f7', '0x0000000000000000000000002791bca1f2de4661ed88a30c99a7a9449aa84174', '0x0000000000000000000000008290fda77c43437ab141d02ebc05f95bdd96e182', '0x0000000000000000000000008290fda77c43437ab141d02ebc05f95bdd96e182']",0x000000000000000000000000000000000000000000000000000000439fab8c32
58252481,2024-06-17 01:54:13,0xa5f433f0619e35dfc47b11150bba47a80edbcbca680a67eaec7589e30b7310cb,38,281,"['0x804c9b842b2748a22bb64b345453a3de7ca54a6ca45ce00d415894979e22897a', '0x0000000000000000000000002791bca1f2de4661ed88a30c99a7a9449aa84174']",0x00000000000000000000000000000000000000000030ab39f062cf5b45ae6ce80000000000000000000000000000000000000000005ed151d393d1ddc817252c0000000000000000000000000000000000000000004c8e458e5b4b3409cee76d0000000000000000000000000000000000000000038be41e26d4af6d4c2c2789000000000000000000000000000000000000000003b153cc398c38e87e7f633b
58252481,2024-06-17 01:54:13,0xa5f433f0619e35dfc47b11150bba47a80edbcbca680a67eaec7589e30b7310cb,38,287,"['0x2b627736bca15cd5381dcf80b0bf11fd197d01a037c52b927a881a10fb73ba61', '0x0000000000000000000000002791bca1f2de4661ed88a30c99a7a9449aa84174', '0x0000000000000000000000008290fda77c43437ab141d02ebc05f95bdd96e182', '0x0000000000000000000000000000000000000000000000000000000000000000']",0x0000000000000000000000008290fda77c43437ab141d02ebc05f95bdd96e182000000000000000000000000000000000000000000000000000000439f86b374
58252563,2024-06-17 01:57:11,0x64ccad1ca1d9e4fbc9aa31a1367246f61d6a165e825508fc2ef1c37093b419ea,93,273,"['0x804c9b842b2748a22bb64b345453a3de7ca54a6ca45ce00d415894979e22897a', '0x0000000000000000000000002791bca1f2de4661ed88a30c99a7a9449aa84174']",0x00000000000000000000000000000000000000000030ab6712a821e36f9c01160000000000000000000000000000000000000000005ed153a72583e8d948268b0000000000000000000000000000000000000000004c8e6a15bd341161a302e00000000000000000000000000000000000000000038be431e948e9483c888d20000000000000000000000000000000000000000003b153ec968f00ef12c40f67
58252563,2024-06-17 01:57:11,0x64ccad1ca1d9e4fbc9aa31a1367246f61d6a165e825508fc2ef1c37093b419ea,93,278,"['0x3115d1449a7b732c986cba18244e897a450f61e1bb8d589cd2e69e6c8924f9f7', '0x0000000000000000000000002791bca1f2de4661ed88a30c99a7a9449aa84174', '0x000000000000000000000000e3090207a2de94a856ea10a7e1bd36dd6145712b', '0x000000000000000000000000e3090207a2de94a856ea10a7e1bd36dd6145712b']",0x000000000000000000000000000000000000000000000000000000000ef88eef
58252563,2024-06-17 01:57:11,0x64ccad1ca1d9e4fbc9aa31a1367246f61d6a165e825508fc2ef1c37093b419ea,93,305,"['0x804c9b842b2748a22bb64b345453a3de7ca54a6ca45ce00d415894979e22897a', '0x0000000000000000000000002791bca1f2de4661ed88a30c99a7a9449aa84174']",0x00000000000000000000000000000000000000000030ab66da6efa545913ed1a0000000000000000000000000000000000000000005ed153a4dea4a6129082050000000000000000000000000000000000000000004c8e69e833c2d9db4a28660000000000000000000000000000000000000000038be431e948e9483c888d20000000000000000000000000000000000000000003b153ec968f00ef12c40f67
58252563,2024-06-17 01:57:11,0x64ccad1ca1d9e4fbc9aa31a1367246f61d6a165e825508fc2ef1c37093b419ea,93,310,"['0x2b627736bca15cd5381dcf80b0bf11fd197d01a037c52b927a881a10fb73ba61', '0x0000000000000000000000002791bca1f2de4661ed88a30c99a7a9449aa84174', '0x0000000000000000000000006fd70de9c12bcc6b7dd2a8db8badc5bad5618b21', '0x0000000000000000000000000000000000000000000000000000000000000000']",0x000000000000000000000000e3090207a2de94a856ea10a7e1bd36dd6145712b000000000000000000000000000000000000000000000000000000000012e0e6
58252630,2024-06-17 01:59:35,0x81fbca53ba7b2c82261b346005d4f9fa7b2ca309c72874ff685e1afad19a34d6,114,457,"['0x804c9b842b2748a22bb64b345453a3de7ca54a6ca45ce00d415894979e22897a', '0x0000000000000000000000002791bca1f2de4661ed88a30c99a7a9449aa84174']",0x00000000000000000000000000000000000000000030ab483fbc191912d053050000000000000000000000000000000000000000005ed1526750f7701d3c0c010000000000000000000000000000000000000000004c8e5119223aa2b0b0f0080000000000000000000000000000000000000000038be441e5938519e51d0e3f000000000000000000000000000000000000000003b15406c5174e242bfcfcad
58252630,2024-06-17 01:59:35,0x81fbca53ba7b2c82261b346005d4f9fa7b2ca309c72874ff685e1afad19a34d6,114,462,"['0x2b627736bca15cd5381dcf80b0bf11fd197d01a037c52b927a881a10fb73ba61', '0x0000000000000000000000002791bca1f2de4661ed88a30c99a7a9449aa84174', '0x0000000000000000000000002c4c99c761f180e9c844120a4ceefb016ad14514', '0x0000000000000000000000000000000000000000000000000000000000000000']",0x0000000000000000000000002c4c99c761f180e9c844120a4ceefb016ad14514000000000000000000000000000000000000000000000000000000000a6ce0bc
58252656,2024-06-17 02:00:31,0xb2cf8ae80d89082dc32a1f2f19a68baa43bbbf1b9a0c4e9f00db35b331886109,168,772,"['0x804c9b842b2748a22bb64b345453a3de7ca54a6ca45ce00d415894979e22897a', '0x0000000000000000000000002791bca1f2de4661ed88a30c99a7a9449aa84174']",0x00000000000000000000000000000000000000000030ab489214bc192841c9a90000000000000000000000000000000000000000005ed1526a8b4ac480b11bf50000000000000000000000000000000000000000004c8e5159b0bd3a75d62f280000000000000000000000000000000000000000038be4481d02116e98ea6963000000000000000000000000000000000000000003b15410f39e8a82d247176e
58252656,2024-06-17 02:00:31,0xb2cf8ae80d89082dc32a1f2f19a68baa43bbbf1b9a0c4e9f00db35b331886109,168,776,"['0x3115d1449a7b732c986cba18244e897a450f61e1bb8d589cd2e69e6c8924f9f7', '0x0000000000000000000000002791bca1f2de4661ed88a30c99a7a9449aa84174', '0x0000000000000000000000000ab67ba30dec9bd137bc862002e8cd0abf0a4312', '0x0000000000000000000000000ab67ba30dec9bd137bc862002e8cd0abf0a4312']",0x00000000000000000000000000000000000000000000000000000000000cd140
58252732,2024-06-17 02:03:11,0xd13ea2401e7767df15ca1de3aa50a5a9b7ef8450816ed56676a01bb1ecf99cbf,78,308,"['0x804c9b842b2748a22bb64b345453a3de7ca54a6ca45ce00d415894979e22897a', '0x0000000000000000000000002791bca1f2de4661ed88a30c99a7a9449aa84174']",0x00000000000000000000000000000000000000000030aaee1e04661849661a220000000000000000000000000000000000000000005ed14ec07d0b0bf6720e0c0000000000000000000000000000000000000000004c8e081093c2cfa8e918dd0000000000000000000000000000000000000000038be459dff50422719bb317000000000000000000000000000000000000000003b1542e0ad87c816aae86a1
58252732,2024-06-17 02:03:11,0xd13ea2401e7767df15ca1de3aa50a5a9b7ef8450816ed56676a01bb1ecf99cbf,78,313,"['0x2b627736bca15cd5381dcf80b0bf11fd197d01a037c52b927a881a10fb73ba61', '0x0000000000000000000000002791bca1f2de4661ed88a30c99a7a9449aa84174', '0x000000000000000000000000d452b755bbc56463861a5c97b4da4936910b4909', '0x0000000000000000000000000000000000000000000000000000000000000c9c']",0x000000000000000000000000d452b755bbc56463861a5c97b4da4936910b4909000000000000000000000000000000000000000000000000000000001e89f4ec
58252986,2024-06-17 02:12:11,0xab9c7af53135063d9734063b67f6743a91131c8125cba01c6bd7bfceaef19c70,13,182,"['0x804c9b842b2748a22bb64b345453a3de7ca54a6ca45ce00d415894979e22897a', '0x0000000000000000000000002791bca1f2de4661ed88a30c99a7a9449aa84174']",0x000000000000000000000000000000000000000000307d262160294780fa6fd60000000000000000000000000000000000000000005ecf73af2c5344a620837b0000000000000000000000000000000000000000004c68eab645673d628a45a50000000000000000000000000000000000000000038be495d17aba6a720c205b000000000000000000000000000000000000000003b1549038e4ac74131a74d0
58252986,2024-06-17 02:12:11,0xab9c7af53135063d9734063b67f6743a91131c8125cba01c6bd7bfceaef19c70,13,187,"['0x2b627736bca15cd5381dcf80b0bf11fd197d01a037c52b927a881a10fb73ba61', '0x0000000000000000000000002791bca1f2de4661ed88a30c99a7a9449aa84174', '0x0000000000000000000000005a2498bc0bf25bc3cfee0b039b16e0952a278798', '0x0000000000000000000000000000000000000000000000000000000000000000']",0x000000000000000000000000c4aff49fced8ac1d818a6dcab063f9f97e66ec5e0000000000000000000000000000000000000000000000000000000f6b32c09c
58253009,2024-06-17 02:13:01,0x49c9e904cb03716dd5b17e7f188487e8a5eacce305ac3543a364b59fb47c72cc,12,65,"['0x804c9b842b2748a22bb64b345453a3de7ca54a6ca45ce00d415894979e22897a', '0x0000000000000000000000002791bca1f2de4661ed88a30c99a7a9449aa84174']",0x000000000000000000000000000000000000000000309f2b15e33b8838bb256e0000000000000000000000000000000000000000005ed0cc3cf79a44e274e5460000000000000000000000000000000000000000004c83d5ca26f3421921e9720000000000000000000000000000000000000000038be49b592432da54f5746e000000000000000000000000000000000000000003b154994bb6f0746d937039
58253009,2024-06-17 02:13:01,0x49c9e904cb03716dd5b17e7f188487e8a5eacce305ac3543a364b59fb47c72cc,12,67,"['0xb3d084820fb1a9decffb176436bd02558d15fac9b0ddfed8c465bc7359d7dce0', '0x0000000000000000000000002791bca1f2de4661ed88a30c99a7a9449aa84174', '0x000000000000000000000000caf744e0f6d8dbd082cf2f86028f2e1abfc7befb', '0x0000000000000000000000000000000000000000000000000000000000000000']",0x0000000000000000000000007211ec72499d0b31a938174c8f287a2bee7289fb00000000000000000000000000000000000000000000000000000009502f900000000000000000000000000000000000000000000000000000000000000000020000000000000000000000000000000000000000004c83d5ca26f3421921e972
58253033,2024-06-17 02:13:51,0x995d362371f07aacc795605e6fe12947dc9d37189c6f73f77cba785932239239,15,118,"['0x804c9b842b2748a22bb64b345453a3de7ca54a6ca45ce00d415894979e22897a', '0x0000000000000000000000002791bca1f2de4661ed88a30c99a7a9449aa84174']",0x000000000000000000000000000000000000000000308656d81e858b58d262c40000000000000000000000000000000000000000005ecfca98e1951c1a6737230000000000000000000000000000000000000000004c6fb4f86e8c1278104ec90000000000000000000000000000000000000000038be4a0e4aeeb343f0b7b10000000000000000000000000000000000000000003b154a261bb982c705d6a26
58253033,2024-06-17 02:13:51,0x995d362371f07aacc795605e6fe12947dc9d37189c6f73f77cba785932239239,15,123,"['0x2b627736bca15cd5381dcf80b0bf11fd197d01a037c52b927a881a10fb73ba61', '0x0000000000000000000000002791bca1f2de4661ed88a30c99a7a9449aa84174', '0x0000000000000000000000005a2498bc0bf25bc3cfee0b039b16e0952a278798', '0x0000000000000000000000000000000000000000000000000000000000000000']",0x000000000000000000000000c4aff49fced8ac1d818a6dcab063f9f97e66ec5e000000000000000000000000000000000000000000000000000000085fbeb63d
58253033,2024-06-17 02:13:51,0xc2fe3c332724a5d4535faab81aa9adb2c4890fd184625431c90c3cbb9769a22f,50,246,"['0x804c9b842b2748a22bb64b345453a3de7ca54a6ca45ce00d415894979e22897a', '0x0000000000000000000000002791bca1f2de4661ed88a30c99a7a9449aa84174']",0x000000000000000000000000000000000000000000308624f4ce8c956812f5d20000000000000000000000000000000000000000005ecfc892f4805e8c6613f50000000000000000000000000000000000000000004c6f8c81e8ed435ff98f270000000000000000000000000000000000000000038be4a0e4aeeb343f0b7b10000000000000000000000000000000000000000003b154a261bb982c705d6a26
58253033,2024-06-17 02:13:51,0xc2fe3c332724a5d4535faab81aa9adb2c4890fd184625431c90c3cbb9769a22f,50,251,"['0x2b627736bca15cd5381dcf80b0bf11fd197d01a037c52b927a881a10fb73ba61', '0x0000000000000000000000002791bca1f2de4661ed88a30c99a7a9449aa84174', '0x000000000000000000000000a783f9ff9b48a3139c01d2885007f4f5b3623cd0', '0x0000000000000000000000000000000000000000000000000000000000000000']",0x000000000000000000000000a783f9ff9b48a3139c01d2885007f4f5b3623cd00000000000000000000000000000000000000000000000000000000010d9dc59
58253217,2024-06-17 02:20:23,0xf42e6e4886ee30c168832be2b21da116e12b3754120e53c00a5484d89786958a,27,153,"['0x804c9b842b2748a22bb64b345453a3de7ca54a6ca45ce00d415894979e22897a', '0x0000000000000000000000002791bca1f2de4661ed88a30c99a7a9449aa84174']",0x0000000000000000000000000000000000000000003058948cc06c52199d9cbd0000000000000000000000000000000000000000005ecdef192c9121d89b5daa0000000000000000000000000000000000000000004c4a8efe4a3c85542351530000000000000000000000000000000000000000038be4cc4784b05ee3e3952e000000000000000000000000000000000000000003b154e98ad74866400b629a
58253217,2024-06-17 02:20:23,0xf42e6e4886ee30c168832be2b21da116e12b3754120e53c00a5484d89786958a,27,158,"['0x2b627736bca15cd5381dcf80b0bf11fd197d01a037c52b927a881a10fb73ba61', '0x0000000000000000000000002791bca1f2de4661ed88a30c99a7a9449aa84174', '0x000000000000000000000000efe5e302c2ee5f641bfd916cf308e0ec4e5a6bf8', '0x0000000000000000000000000000000000000000000000000000000000000000']",0x000000000000000000000000c4aff49fced8ac1d818a6dcab063f9f97e66ec5e0000000000000000000000000000000000000000000000000000000f6f84e103
58253266,2024-06-17 02:22:07,0xe15052dcb636abbae5ad71beee9d32946f2780f7b6d066c58053e84638b2c2ea,5,171,"['0x804c9b842b2748a22bb64b345453a3de7ca54a6ca45ce00d415894979e22897a', '0x0000000000000000000000002791bca1f2de4661ed88a30c99a7a9449aa84174']",0x000000000000000000000000000000000000000000301a1a9203b12912c612fa0000000000000000000000000000000000000000005ecb6476d3afa8341923190000000000000000000000000000000000000000004c17ba4f589f0479f6bdfe0000000000000000000000000000000000000000038be4d7bf6c5fd0c4ed1d35000000000000000000000000000000000000000003b154fc62d17d59b21b2d6b
58253266,2024-06-17 02:22:07,0xe15052dcb636abbae5ad71beee9d32946f2780f7b6d066c58053e84638b2c2ea,5,176,"['0x2b627736bca15cd5381dcf80b0bf11fd197d01a037c52b927a881a10fb73ba61', '0x0000000000000000000000002791bca1f2de4661ed88a30c99a7a9449aa84174', '0x000000000000000000000000efe5e302c2ee5f641bfd916cf308e0ec4e5a6bf8', '0x0000000000000000000000000000000000000000000000000000000000000000']",0x000000000000000000000000c4aff49fced8ac1d818a6dcab063f9f97e66ec5e000000000000000000000000000000000000000000000000000000154e18b3cc
58253320,2024-06-17 02:24:03,0x8e67ae9b5ebdb89d9dd647a3998cbff89c4d9c71f4f01e5f8a8969bb1f62d1e0,8,130,"['0x804c9b842b2748a22bb64b345453a3de7ca54a6ca45ce00d415894979e22897a', '0x0000000000000000000000002791bca1f2de4661ed88a30c99a7a9449aa84174']",0x000000000000000000000000000000000000000000300125e7a1e9a49fbf5c110000000000000000000000000000000000000000005eca601cbf880cfabea7040000000000000000000000000000000000000000004c036345c586e3fee50c540000000000000000000000000000000000000000038be4e4798e9038e7e00454000000000000000000000000000000000000000003b15511596810ea79ee8a37
58253320,2024-06-17 02:24:03,0x8e67ae9b5ebdb89d9dd647a3998cbff89c4d9c71f4f01e5f8a8969bb1f62d1e0,8,135,"['0x2b627736bca15cd5381dcf80b0bf11fd197d01a037c52b927a881a10fb73ba61', '0x0000000000000000000000002791bca1f2de4661ed88a30c99a7a9449aa84174', '0x000000000000000000000000efe5e302c2ee5f641bfd916cf308e0ec4e5a6bf8', '0x0000000000000000000000000000000000000000000000000000000000000000']",0x000000000000000000000000c4aff49fced8ac1d818a6dcab063f9f97e66ec5e000000000000000000000000000000000000000000000000000000088e850bba
58253325,2024-06-17 02:24:13,0xb5804f24827002901c11c407ad820792231a41ea72902926558eb11212ed6223,18,215,"['0x804c9b842b2748a22bb64b345453a3de7ca54a6ca45ce00d415894979e22897a', '0x0000000000000000000000002791bca1f2de4661ed88a30c99a7a9449aa84174']",0x00000000000000000000000000000000000000000030c88482aa67af295130c10000000000000000000000000000000000000000005ed278ba682e11b4702e120000000000000000000000000000000000000000004ca54f96f27f4280c3996e0000000000000000000000000000000000000000038be4e591dc7efb1297bebe000000000000000000000000000000000000000003b15513278f78de4fd16484
58253325,2024-06-17 02:24:13,0xb5804f24827002901c11c407ad820792231a41ea72902926558eb11212ed6223,18,220,"['0x3115d1449a7b732c986cba18244e897a450f61e1bb8d589cd2e69e6c8924f9f7', '0x0000000000000000000000002791bca1f2de4661ed88a30c99a7a9449aa84174', '0x0000000000000000000000008290fda77c43437ab141d02ebc05f95bdd96e182', '0x0000000000000000000000008290fda77c43437ab141d02ebc05f95bdd96e182']",0x000000000000000000000000000000000000000000000000000000439f958ded
58253325,2024-06-17 02:24:13,0xb5804f24827002901c11c407ad820792231a41ea72902926558eb11212ed6223,18,234,"['0x804c9b842b2748a22bb64b345453a3de7ca54a6ca45ce00d415894979e22897a', '0x0000000000000000000000002791bca1f2de4661ed88a30c99a7a9449aa84174']",0x0000000000000000000000000000000000000000002ffd4d0ffa4853ce677c950000000000000000000000000000000000000000005eca37f454ec823ff8b5fb0000000000000000000000000000000000000000004c00401d71600d676e379d0000000000000000000000000000000000000000038be4e591dc7efb1297bebe000000000000000000000000000000000000000003b15513278f78de4fd16484
58253325,2024-06-17 02:24:13,0xb5804f24827002901c11c407ad820792231a41ea72902926558eb11212ed6223,18,240,"['0x2b627736bca15cd5381dcf80b0bf11fd197d01a037c52b927a881a10fb73ba61', '0x0000000000000000000000002791bca1f2de4661ed88a30c99a7a9449aa84174', '0x0000000000000000000000008290fda77c43437ab141d02ebc05f95bdd96e182', '0x0000000000000000000000000000000000000000000000000000000000000000']",0x0000000000000000000000008290fda77c43437ab141d02ebc05f95bdd96e18200000000000000000000000000000000000000000000000000000044f1dc230c
58253382,2024-06-17 02:26:15,0xaa5c2030ef85dc5f0d127176d75f10ece7655b2ea114e35038e3409f2f6796a9,14,146,"['0x804c9b842b2748a22bb64b345453a3de7ca54a6ca45ce00d415894979e22897a', '0x0000000000000000000000002791bca1f2de4661ed88a30c99a7a9449aa84174']",0x0000000000000000000000000000000000000000002ff0ea38bef3dd295ec9a20000000000000000000000000000000000000000005ec9b69df802620b3ffb6f0000000000000000000000000000000000000000004bf6255e2f158948ffa4ba0000000000000000000000000000000000000000038be4f2ec813cc257528ae5000000000000000000000000000000000000000003b155292cee3128e3666e61
58253382,2024-06-17 02:26:15,0xaa5c2030ef85dc5f0d127176d75f10ece7655b2ea114e35038e3409f2f6796a9,14,151,"['0x2b627736bca15cd5381dcf80b0bf11fd197d01a037c52b927a881a10fb73ba61', '0x0000000000000000000000002791bca1f2de4661ed88a30c99a7a9449aa84174', '0x000000000000000000000000c4a1c92cb0589cc70eccf8ad4657e5742e304d23', '0x0000000000000000000000000000000000000000000000000000000000000000']",0x000000000000000000000000c4aff49fced8ac1d818a6dcab063f9f97e66ec5e0000000000000000000000000000000000000000000000000000000442533063
58253441,2024-06-17 02:28:21,0x6647633b71a517261d4e7177c5d03ab7b2e079db0fa9de0ff5fe1923cdfcaba9,26,159,"['0x804c9b842b2748a22bb64b345453a3de7ca54a6ca45ce00d415894979e22897a', '0x0000000000000000000000002791bca1f2de4661ed88a30c99a7a9449aa84174']",0x0000000000000000000000000000000000000000002fd19b7acd779210ba0b4e0000000000000000000000000000000000000000005ec86f68c075f6ea5b20640000000000000000000000000000000000000000004bdc9535d81d2ab71e87c70000000000000000000000000000000000000000038be500b3ad1637cebcfcc6000000000000000000000000000000000000000003b1553fe81c517d6987a5f9
58253441,2024-06-17 02:28:21,0x6647633b71a517261d4e7177c5d03ab7b2e079db0fa9de0ff5fe1923cdfcaba9,26,164,"['0x2b627736bca15cd5381dcf80b0bf11fd197d01a037c52b927a881a10fb73ba61', '0x0000000000000000000000002791bca1f2de4661ed88a30c99a7a9449aa84174', '0x000000000000000000000000c4a1c92cb0589cc70eccf8ad4657e5742e304d23', '0x0000000000000000000000000000000000000000000000000000000000000000']",0x000000000000000000000000c4aff49fced8ac1d818a6dcab063f9f97e66ec5e0000000000000000000000000000000000000000000000000000000acb45cda0
58253487,2024-06-17 02:29:57,0x809accabc5ab5f2182ecc55765154b1bd1f10c5a8d97a8d198b551ad9c73694b,6,116,"['0x804c9b842b2748a22bb64b345453a3de7ca54a6ca45ce00d415894979e22897a', '0x0000000000000000000000002791bca1f2de4661ed88a30c99a7a9449aa84174']",0x0000000000000000000000000000000000000000002fca5d98a2104a990f7c690000000000000000000000000000000000000000005ec823a9bb0b7e8ebaa1200000000000000000000000000000000000000000004bd6aa496bcbc38e9496750000000000000000000000000000000000000000038be50b2c30a3c6c9cb4152000000000000000000000000000000000000000003b1555133f1e03b7a531b9b
58253487,2024-06-17 02:29:57,0x809accabc5ab5f2182ecc55765154b1bd1f10c5a8d97a8d198b551ad9c73694b,6,121,"['0x2b627736bca15cd5381dcf80b0bf11fd197d01a037c52b927a881a10fb73ba61', '0x0000000000000000000000002791bca1f2de4661ed88a30c99a7a9449aa84174', '0x000000000000000000000000c4a1c92cb0589cc70eccf8ad4657e5742e304d23', '0x0000000000000000000000000000000000000000000000000000000000000000']",0x000000000000000000000000c4aff49fced8ac1d818a6dcab063f9f97e66ec5e0000000000000000000000000000000000000000000000000000000280c857a2
58253582,2024-06-17 02:33:19,0xba277de3b7944436121422379e9215314648758c4aa2f6773e906b717de02548,10,36,"['0x804c9b842b2748a22bb64b345453a3de7ca54a6ca45ce00d415894979e22897a', '0x0000000000000000000000002791bca1f2de4661ed88a30c99a7a9449aa84174']",0x0000000000000000000000000000000000000000002febd61716e58494bd3b7b0000000000000000000000000000000000000000005ec979302cf9fb925e42f60000000000000000000000000000000000000000004bf158ca526d87d75d3b400000000000000000000000000000000000000000038be521311a3433b35f70d4000000000000000000000000000000000000000003b155759602d3fadedc29df
58253582,2024-06-17 02:33:19,0xba277de3b7944436121422379e9215314648758c4aa2f6773e906b717de02548,10,38,"['0xb3d084820fb1a9decffb176436bd02558d15fac9b0ddfed8c465bc7359d7dce0', '0x0000000000000000000000002791bca1f2de4661ed88a30c99a7a9449aa84174', '0x000000000000000000000000caf744e0f6d8dbd082cf2f86028f2e1abfc7befb', '0x0000000000000000000000000000000000000000000000000000000000000000']",0x0000000000000000000000007211ec72499d0b31a938174c8f287a2bee7289fb00000000000000000000000000000000000000000000000000000009502f900000000000000000000000000000000000000000000000000000000000000000020000000000000000000000000000000000000000004bf158ca526d87d75d3b40
58253582,2024-06-17 02:33:19,0x1aba6827de4254956597e0ce5eb2abde0c1c4bcf4cb69971e9f26f0b5cb6e370,22,165,"['0x804c9b842b2748a22bb64b345453a3de7ca54a6ca45ce00d415894979e22897a', '0x0000000000000000000000002791bca1f2de4661ed88a30c99a7a9449aa84174']",0x0000000000000000000000000000000000000000002fdf82b51b8b58bee086c90000000000000000000000000000000000000000005ec8f8668ea16fb13194f40000000000000000000000000000000000000000004be74909f3829a3fdfa3110000000000000000000000000000000000000000038be521311a3433b35f70d4000000000000000000000000000000000000000003b155759602d3fadedc29df
58253582,2024-06-17 02:33:19,0x1aba6827de4254956597e0ce5eb2abde0c1c4bcf4cb69971e9f26f0b5cb6e370,22,170,"['0x2b627736bca15cd5381dcf80b0bf11fd197d01a037c52b927a881a10fb73ba61', '0x0000000000000000000000002791bca1f2de4661ed88a30c99a7a9449aa84174', '0x000000000000000000000000fad1c1ba75a975bc8354509c3fd0573bcfefb60d', '0x0000000000000000000000000000000000000000000000000000000000000000']",0x000000000000000000000000c4aff49fced8ac1d818a6dcab063f9f97e66ec5e0000000000000000000000000000000000000000000000000000000440b9d8dd
58253599,2024-06-17 02:34:27,0x2d278a7d9c8e1fc4eba7902ff97cca013957073b73d3fdc315b539b1d8312803,15,94,"['0x804c9b842b2748a22bb64b345453a3de7ca54a6ca45ce00d415894979e22897a', '0x0000000000000000000000002791bca1f2de4661ed88a30c99a7a9449aa84174']",0x0000000000000000000000000000000000000000002fdaae29ae4112f07ed9d60000000000000000000000000000000000000000005ec8c5e9a4888541992f270000000000000000000000000000000000000000004be35747a9904987f7af0c0000000000000000000000000000000000000000038be5289df5078f0fb0517d000000000000000000000000000000000000000003b15581d81fe78e80485a0f
58253599,2024-06-17 02:34:27,0x2d278a7d9c8e1fc4eba7902ff97cca013957073b73d3fdc315b539b1d8312803,15,99,"['0x2b627736bca15cd5381dcf80b0bf11fd197d01a037c52b927a881a10fb73ba61', '0x0000000000000000000000002791bca1f2de4661ed88a30c99a7a9449aa84174', '0x000000000000000000000000fad1c1ba75a975bc8354509c3fd0573bcfefb60d', '0x0000000000000000000000000000000000000000000000000000000000000000']",0x000000000000000000000000c4aff49fced8ac1d818a6dcab063f9f97e66ec5e00000000000000000000000000000000000000000000000000000001ab2f4cf5
58253623,2024-06-17 02:35:19,0xd2cfeeee73662cb408c47bf43552c17f6b39d5ba2fcdd0baa586d0d1f6e78c4d,94,782,"['0x804c9b842b2748a22bb64b345453a3de7ca54a6ca45ce00d415894979e22897a', '0x0000000000000000000000002791bca1f2de4661ed88a30c99a7a9449aa84174']",0x0000000000000000000000000000000000000000002fda01d23460c39fc21c6d0000000000000000000000000000000000000000005ec8bedff87a99e39c9d810000000000000000000000000000000000000000004be2ca863879e6303c4e100000000000000000000000000000000000000000038be52e4afab0e24261e2f5000000000000000000000000000000000000000003b1558b375f30a84cb25391
58253623,2024-06-17 02:35:19,0xd2cfeeee73662cb408c47bf43552c17f6b39d5ba2fcdd0baa586d0d1f6e78c4d,94,788,"['0x2b627736bca15cd5381dcf80b0bf11fd197d01a037c52b927a881a10fb73ba61', '0x0000000000000000000000002791bca1f2de4661ed88a30c99a7a9449aa84174', '0x0000000000000000000000006dac2f9dd9c14ddc3e966d944f0fa954ba3b4dae', '0x0000000000000000000000000000000000000000000000000000000000000000']",0x0000000000000000000000006dac2f9dd9c14ddc3e966d944f0fa954ba3b4dae000000000000000000000000000000000000000000000000000000003b9aca00
58253655,2024-06-17 02:36:27,0xba671c953351cec3569ff14a2e71fbfb678e0b05e79d236571d65b5045680615,9,123,"['0x804c9b842b2748a22bb64b345453a3de7ca54a6ca45ce00d415894979e22897a', '0x0000000000000000000000002791bca1f2de4661ed88a30c99a7a9449aa84174']",0x0000000000000000000000000000000000000000002fd1c9b83e50031ab1e0810000000000000000000000000000000000000000005ec868f099082d75a3cd520000000000000000000000000000000000000000004bdc13d2c3896d98cc0a550000000000000000000000000000000000000000038be535b6fb1a3df3260579000000000000000000000000000000000000000003b1559778c2bdbbabb5d5ca
58253655,2024-06-17 02:36:27,0xba671c953351cec3569ff14a2e71fbfb678e0b05e79d236571d65b5045680615,9,128,"['0x2b627736bca15cd5381dcf80b0bf11fd197d01a037c52b927a881a10fb73ba61', '0x0000000000000000000000002791bca1f2de4661ed88a30c99a7a9449aa84174', '0x000000000000000000000000ef62e88e12df2c3901fcc429d57642ec70f2c7c9', '0x0000000000000000000000000000000000000000000000000000000000000000']",0x000000000000000000000000c4aff49fced8ac1d818a6dcab063f9f97e66ec5e00000000000000000000000000000000000000000000000000000002d77fbd68
58253668,2024-06-17 02:37:05,0xc461655ab6a5d88b4941567f31a2f529b7836a2179cffc904da6b924333ae387,8,30,"['0x804c9b842b2748a22bb64b345453a3de7ca54a6ca45ce00d415894979e22897a', '0x0000000000000000000000002791bca1f2de4661ed88a30c99a7a9449aa84174']",0x0000000000000000000000000000000000000000002ff33b52e2ffb31e6e177a0000000000000000000000000000000000000000005ec9be1247fb3be826beb30000000000000000000000000000000000000000004bf6ba746e868e8b06e6060000000000000000000000000000000000000000038be539dc08c23cbee0b212000000000000000000000000000000000000000003b1559e5166dc3dc43538d0
58253668,2024-06-17 02:37:05,0xc461655ab6a5d88b4941567f31a2f529b7836a2179cffc904da6b924333ae387,8,32,"['0xb3d084820fb1a9decffb176436bd02558d15fac9b0ddfed8c465bc7359d7dce0', '0x0000000000000000000000002791bca1f2de4661ed88a30c99a7a9449aa84174', '0x000000000000000000000000caf744e0f6d8dbd082cf2f86028f2e1abfc7befb', '0x0000000000000000000000000000000000000000000000000000000000000000']",0x0000000000000000000000007211ec72499d0b31a938174c8f287a2bee7289fb00000000000000000000000000000000000000000000000000000009502f900000000000000000000000000000000000000000000000000000000000000000020000000000000000000000000000000000000000004bf6ba746e868e8b06e606
58253671,2024-06-17 02:37:17,0x338b3a0a2e95331d357d0a5d2e0c8505f383457378aed42ed2f6a80a35cb458e,22,60,"['0x804c9b842b2748a22bb64b345453a3de7ca54a6ca45ce00d415894979e22897a', '0x0000000000000000000000002791bca1f2de4661ed88a30c99a7a9449aa84174']",0x0000000000000000000000000000000000000000002fda251692e627f0e776a20000000000000000000000000000000000000000005ec8be3a44b9bc13183cd70000000000000000000000000000000000000000004be2bd942d6891e5e4c0cb0000000000000000000000000000000000000000038be53b2c04e3e5b884e6c8000000000000000000000000000000000000000003b155a07ba0824391a73e0b
58253671,2024-06-17 02:37:17,0x338b3a0a2e95331d357d0a5d2e0c8505f383457378aed42ed2f6a80a35cb458e,22,63,"['0xa534c8dbe71f871f9f3530e97a74601fea17b426cae02e1c5aee42c96c784051', '0x0000000000000000000000002791bca1f2de4661ed88a30c99a7a9449aa84174', '0x000000000000000000000000caf744e0f6d8dbd082cf2f86028f2e1abfc7befb', '0x0000000000000000000000007211ec72499d0b31a938174c8f287a2bee7289fb']",0x00000000000000000000000000000000000000000000000000000006fc23ac000000000000000000000000000000000000000000000000000000000000000000
58253688,2024-06-17 02:38:09,0x61a1c3f3d13d9edf4fd04f65d1a84ba2a049967f7b479fb7d58c2cf5b4356460,2,68,"['0x804c9b842b2748a22bb64b345453a3de7ca54a6ca45ce00d415894979e22897a', '0x0000000000000000000000002791bca1f2de4661ed88a30c99a7a9449aa84174']",0x0000000000000000000000000000000000000000002fd551ae7ef1f3b270f40e0000000000000000000000000000000000000000005ec88bc6b2f9308a1bc3bb0000000000000000000000000000000000000000004bdecc8cca5dab322b4aa00000000000000000000000000000000000000000038be540d8fa68d9881e1b06000000000000000000000000000000000000000003b155a9dacd1dc489da693f
58253688,2024-06-17 02:38:09,0x61a1c3f3d13d9edf4fd04f65d1a84ba2a049967f7b479fb7d58c2cf5b4356460,2,73,"['0x2b627736bca15cd5381dcf80b0bf11fd197d01a037c52b927a881a10fb73ba61', '0x0000000000000000000000002791bca1f2de4661ed88a30c99a7a9449aa84174', '0x000000000000000000000000ef62e88e12df2c3901fcc429d57642ec70f2c7c9', '0x0000000000000000000000000000000000000000000000000000000000000000']",0x000000000000000000000000c4aff49fced8ac1d818a6dcab063f9f97e66ec5e00000000000000000000000000000000000000000000000000000001ab34c8a5
58254142,2024-06-17 02:54:13,0x55009bf3d88d7bb4cc74423364be7cdb761a326de7688ee3ca5d639bf047ea37,10,31,"['0x804c9b842b2748a22bb64b345453a3de7ca54a6ca45ce00d415894979e22897a', '0x0000000000000000000000002791bca1f2de4661ed88a30c99a7a9449aa84174']",0x000000000000000000000000000000000000000000309f2ef0e3a7694f0901b60000000000000000000000000000000000000000005ed0c1bbddd869b8bfed110000000000000000000000000000000000000000004c8303b423ce22d6fe855e0000000000000000000000000000000000000000038be5aa05fed21c2450a1e8000000000000000000000000000000000000000003b156578ed7ab02a61afa29
58254142,2024-06-17 02:54:13,0x55009bf3d88d7bb4cc74423364be7cdb761a326de7688ee3ca5d639bf047ea37,10,36,"['0x3115d1449a7b732c986cba18244e897a450f61e1bb8d589cd2e69e6c8924f9f7', '0x0000000000000000000000002791bca1f2de4661ed88a30c99a7a9449aa84174', '0x0000000000000000000000008290fda77c43437ab141d02ebc05f95bdd96e182', '0x0000000000000000000000008290fda77c43437ab141d02ebc05f95bdd96e182']",0x00000000000000000000000000000000000000000000000000000044f1eb0e32
58254142,2024-06-17 02:54:13,0x55009bf3d88d7bb4cc74423364be7cdb761a326de7688ee3ca5d639bf047ea37,10,54,"['0x804c9b842b2748a22bb64b345453a3de7ca54a6ca45ce00d415894979e22897a', '0x0000000000000000000000002791bca1f2de4661ed88a30c99a7a9449aa84174']",0x0000000000000000000000000000000000000000002fd4470f9e4c27aa69790c0000000000000000000000000000000000000000005ec880e13c566511d9c8630000000000000000000000000000000000000000004bddf29f85a5c5cd03a7b30000000000000000000000000000000000000000038be5aa05fed21c2450a1e8000000000000000000000000000000000000000003b156578ed7ab02a61afa29
58254142,2024-06-17 02:54:13,0x55009bf3d88d7bb4cc74423364be7cdb761a326de7688ee3ca5d639bf047ea37,10,60,"['0x2b627736bca15cd5381dcf80b0bf11fd197d01a037c52b927a881a10fb73ba61', '0x0000000000000000000000002791bca1f2de4661ed88a30c99a7a9449aa84174', '0x0000000000000000000000008290fda77c43437ab141d02ebc05f95bdd96e182', '0x0000000000000000000000000000000000000000000000000000000000000000']",0x0000000000000000000000008290fda77c43437ab141d02ebc05f95bdd96e182000000000000000000000000000000000000000000000000000000454f2e0597
58254943,2024-06-17 03:24:13,0xb62cf809a0abca7acc69bc46f8385646712882a4664ea1f36c0410d9c3f780f1,13,51,"['0x804c9b842b2748a22bb64b345453a3de7ca54a6ca45ce00d415894979e22897a', '0x0000000000000000000000002791bca1f2de4661ed88a30c99a7a9449aa84174']",0x000000000000000000000000000000000000000000309f349eaa0c2fcb00540a0000000000000000000000000000000000000000005ed0c1f3676e40486f82260000000000000000000000000000000000000000004c83080ae382e610b62ae70000000000000000000000000000000000000000038be66e64bc99b7b905def5000000000000000000000000000000000000000003b1579be3263473235ad4a0
58254943,2024-06-17 03:24:13,0xb62cf809a0abca7acc69bc46f8385646712882a4664ea1f36c0410d9c3f780f1,13,56,"['0x3115d1449a7b732c986cba18244e897a450f61e1bb8d589cd2e69e6c8924f9f7', '0x0000000000000000000000002791bca1f2de4661ed88a30c99a7a9449aa84174', '0x0000000000000000000000008290fda77c43437ab141d02ebc05f95bdd96e182', '0x0000000000000000000000008290fda77c43437ab141d02ebc05f95bdd96e182']",0x000000000000000000000000000000000000000000000000000000454f3d0348
58254943,2024-06-17 03:24:13,0xb62cf809a0abca7acc69bc46f8385646712882a4664ea1f36c0410d9c3f780f1,13,70,"['0x804c9b842b2748a22bb64b345453a3de7ca54a6ca45ce00d415894979e22897a', '0x0000000000000000000000002791bca1f2de4661ed88a30c99a7a9449aa84174']",0x0000000000000000000000000000000000000000002fd44a9c6ace559e3bbc7f0000000000000000000000000000000000000000005ec88103102797c1a107970000000000000000000000000000000000000000004bddf54411fdbb889497ce0000000000000000000000000000000000000000038be66e64bc99b7b905def5000000000000000000000000000000000000000003b1579be3263473235ad4a0
58254943,2024-06-17 03:24:13,0xb62cf809a0abca7acc69bc46f8385646712882a4664ea1f36c0410d9c3f780f1,13,76,"['0x2b627736bca15cd5381dcf80b0bf11fd197d01a037c52b927a881a10fb73ba61', '0x0000000000000000000000002791bca1f2de4661ed88a30c99a7a9449aa84174', '0x0000000000000000000000008290fda77c43437ab141d02ebc05f95bdd96e182', '0x0000000000000000000000000000000000000000000000000000000000000000']",0x0000000000000000000000008290fda77c43437ab141d02ebc05f95bdd96e182000000000000000000000000000000000000000000000000000000454ff4b19c
58255201,2024-06-17 03:33:55,0x3d7f09c6c2e838385632f22ea4556a938869d327dd5dd8df039776e76dc45cef,129,730,"['0x804c9b842b2748a22bb64b345453a3de7ca54a6ca45ce00d415894979e22897a', '0x0000000000000000000000002791bca1f2de4661ed88a30c99a7a9449aa84174']",0x0000000000000000000000000000000000000000002fd452018e9cae9cf4fea20000000000000000000000000000000000000000005ec8814f52367337ca9c5a0000000000000000000000000000000000000000004bddfb393b26e0c3d437050000000000000000000000000000000000000000038be6ade303dff427e2d2b7000000000000000000000000000000000000000003b15804c11360759f6740dd
58255201,2024-06-17 03:33:55,0x3d7f09c6c2e838385632f22ea4556a938869d327dd5dd8df039776e76dc45cef,129,735,"['0x3115d1449a7b732c986cba18244e897a450f61e1bb8d589cd2e69e6c8924f9f7', '0x0000000000000000000000002791bca1f2de4661ed88a30c99a7a9449aa84174', '0x000000000000000000000000c4aff49fced8ac1d818a6dcab063f9f97e66ec5e', '0x000000000000000000000000c4aff49fced8ac1d818a6dcab063f9f97e66ec5e']",0x0000000000000000000000000000000000000000000000000000000001edd177
58255343,2024-06-17 03:39:27,0xce3b97f6e1bc0a37b0e917a886627e3e4ea516014d03d640a6e5780b5759eb52,136,393,"['0x804c9b842b2748a22bb64b345453a3de7ca54a6ca45ce00d415894979e22897a', '0x0000000000000000000000002791bca1f2de4661ed88a30c99a7a9449aa84174']",0x0000000000000000000000000000000000000000002fe509a59becca5dcf60360000000000000000000000000000000000000000005ec92bdeac48ecbdd0bf060000000000000000000000000000000000000000004beb4e6c44985f3c4eec8b0000000000000000000000000000000000000000038be6d21b3f39087df4754e000000000000000000000000000000000000000003b158409349166f7862c146
58255343,2024-06-17 03:39:27,0xce3b97f6e1bc0a37b0e917a886627e3e4ea516014d03d640a6e5780b5759eb52,136,395,"['0xb3d084820fb1a9decffb176436bd02558d15fac9b0ddfed8c465bc7359d7dce0', '0x0000000000000000000000002791bca1f2de4661ed88a30c99a7a9449aa84174', '0x0000000000000000000000001177e23637f4a35244fb9cf124663f3e1ecd7287', '0x0000000000000000000000000000000000000000000000000000000000000000']",0x0000000000000000000000001177e23637f4a35244fb9cf124663f3e1ecd728700000000000000000000000000000000000000000000000000000004a817c80000000000000000000000000000000000000000000000000000000000000000020000000000000000000000000000000000000000004beb4e6c44985f3c4eec8b
58255759,2024-06-17 03:54:11,0x9589143b7cfdc70b922a63c3dbafa1ef2945679e014f431b3dfdcfeb2bfcb4ab,36,163,"['0x804c9b842b2748a22bb64b345453a3de7ca54a6ca45ce00d415894979e22897a', '0x0000000000000000000000002791bca1f2de4661ed88a30c99a7a9449aa84174']",0x00000000000000000000000000000000000000000030b03fa6b092dd168391740000000000000000000000000000000000000000005ed16e5e43c8327098fa3d0000000000000000000000000000000000000000004c9080641a89d133f38ccb0000000000000000000000000000000000000000038be732adaefbf96e4c8ae8000000000000000000000000000000000000000003b158dff7b93402c3620abb
58255759,2024-06-17 03:54:11,0x9589143b7cfdc70b922a63c3dbafa1ef2945679e014f431b3dfdcfeb2bfcb4ab,36,168,"['0x3115d1449a7b732c986cba18244e897a450f61e1bb8d589cd2e69e6c8924f9f7', '0x0000000000000000000000002791bca1f2de4661ed88a30c99a7a9449aa84174', '0x0000000000000000000000008290fda77c43437ab141d02ebc05f95bdd96e182', '0x0000000000000000000000008290fda77c43437ab141d02ebc05f95bdd96e182']",0x000000000000000000000000000000000000000000000000000000455003adcb
58255759,2024-06-17 03:54:11,0x9589143b7cfdc70b922a63c3dbafa1ef2945679e014f431b3dfdcfeb2bfcb4ab,36,182,"['0x804c9b842b2748a22bb64b345453a3de7ca54a6ca45ce00d415894979e22897a', '0x0000000000000000000000002791bca1f2de4661ed88a30c99a7a9449aa84174']",0x0000000000000000000000000000000000000000002fe54ebab029e1ac1b1bbf0000000000000000000000000000000000000000005ec92eaed8acc56e75c4550000000000000000000000000000000000000000004beb86afbc654d093356ad0000000000000000000000000000000000000000038be732adaefbf96e4c8ae8000000000000000000000000000000000000000003b158dff7b93402c3620abb
58255759,2024-06-17 03:54:11,0x9589143b7cfdc70b922a63c3dbafa1ef2945679e014f431b3dfdcfeb2bfcb4ab,36,188,"['0x2b627736bca15cd5381dcf80b0bf11fd197d01a037c52b927a881a10fb73ba61', '0x0000000000000000000000002791bca1f2de4661ed88a30c99a7a9449aa84174', '0x0000000000000000000000008290fda77c43437ab141d02ebc05f95bdd96e182', '0x0000000000000000000000000000000000000000000000000000000000000000']",0x0000000000000000000000008290fda77c43437ab141d02ebc05f95bdd96e18200000000000000000000000000000000000000000000000000000045391afaea
58255873,2024-06-17 03:58:15,0x97f7097c8092661b01c12943719e06c27765f4738e0d46b73ce79ac944828e11,4,135,"['0x804c9b842b2748a22bb64b345453a3de7ca54a6ca45ce00d415894979e22897a', '0x0000000000000000000000002791bca1f2de4661ed88a30c99a7a9449aa84174']",0x0000000000000000000000000000000000000000003006c622ce5ceaca46b8660000000000000000000000000000000000000000005eca83c14e55cc047fc7eb0000000000000000000000000000000000000000004c062c20ed99d0c1fb9e560000000000000000000000000000000000000000038be74d55af4be030307515000000000000000000000000000000000000000003b1590bf6a1f9ab309287f1
58255873,2024-06-17 03:58:15,0x97f7097c8092661b01c12943719e06c27765f4738e0d46b73ce79ac944828e11,4,137,"['0xb3d084820fb1a9decffb176436bd02558d15fac9b0ddfed8c465bc7359d7dce0', '0x0000000000000000000000002791bca1f2de4661ed88a30c99a7a9449aa84174', '0x000000000000000000000000caf744e0f6d8dbd082cf2f86028f2e1abfc7befb', '0x0000000000000000000000000000000000000000000000000000000000000000']",0x0000000000000000000000007211ec72499d0b31a938174c8f287a2bee7289fb00000000000000000000000000000000000000000000000000000009502f900000000000000000000000000000000000000000000000000000000000000000020000000000000000000000000000000000000000004c062c20ed99d0c1fb9e56
58255877,2024-06-17 03:58:23,0x6d975f0e92d74b8677b65bb7992ed53e1c9450163f878aaf1d0d91e242519bbf,2,21,"['0x804c9b842b2748a22bb64b345453a3de7ca54a6ca45ce00d415894979e22897a', '0x0000000000000000000000002791bca1f2de4661ed88a30c99a7a9449aa84174']",0x0000000000000000000000000000000000000000003028492a0463f8403046e00000000000000000000000000000000000000000005ecbd8cc7f90fac18edb9b0000000000000000000000000000000000000000004c20d100c639778729280b0000000000000000000000000000000000000000038be74e360884ab7a233c51000000000000000000000000000000000000000003b1590d686a3348b91b829e
58255877,2024-06-17 03:58:23,0x6d975f0e92d74b8677b65bb7992ed53e1c9450163f878aaf1d0d91e242519bbf,2,23,"['0xb3d084820fb1a9decffb176436bd02558d15fac9b0ddfed8c465bc7359d7dce0', '0x0000000000000000000000002791bca1f2de4661ed88a30c99a7a9449aa84174', '0x000000000000000000000000caf744e0f6d8dbd082cf2f86028f2e1abfc7befb', '0x0000000000000000000000000000000000000000000000000000000000000000']",0x0000000000000000000000007211ec72499d0b31a938174c8f287a2bee7289fb00000000000000000000000000000000000000000000000000000009502f900000000000000000000000000000000000000000000000000000000000000000020000000000000000000000000000000000000000004c20d100c639778729280b
58255882,2024-06-17 03:58:33,0x8151e15bdb5403d0f3d61f6bc65705e24a356a688a8cdcb094c09bad09f55e7c,2,10,"['0x804c9b842b2748a22bb64b345453a3de7ca54a6ca45ce00d415894979e22897a', '0x0000000000000000000000002791bca1f2de4661ed88a30c99a7a9449aa84174']",0x000000000000000000000000000000000000000000300f25c8c8eb0041623b410000000000000000000000000000000000000000005ecad9049855f94672a76c0000000000000000000000000000000000000000004c0cd562b59d59e8f5146f0000000000000000000000000000000000000000038be74f4f3bba837d7ffced000000000000000000000000000000000000000003b1590f37467b1c90d46410
58255882,2024-06-17 03:58:33,0x8151e15bdb5403d0f3d61f6bc65705e24a356a688a8cdcb094c09bad09f55e7c,2,13,"['0xa534c8dbe71f871f9f3530e97a74601fea17b426cae02e1c5aee42c96c784051', '0x0000000000000000000000002791bca1f2de4661ed88a30c99a7a9449aa84174', '0x000000000000000000000000caf744e0f6d8dbd082cf2f86028f2e1abfc7befb', '0x0000000000000000000000007211ec72499d0b31a938174c8f287a2bee7289fb']",0x00000000000000000000000000000000000000000000000000000006fc23ac000000000000000000000000000000000000000000000000000000000000000000
58256069,2024-06-17 04:06:59,0xeed9a180728f89f6ce1bf0460a42f211d55e455edddddb2b7f829a3eb8e86fdb,111,717,"['0x804c9b842b2748a22bb64b345453a3de7ca54a6ca45ce00d415894979e22897a', '0x0000000000000000000000002791bca1f2de4661ed88a30c99a7a9449aa84174']",0x000000000000000000000000000000000000000000300f2d718f987a7689764f0000000000000000000000000000000000000000005ecad9538b6461e469f8b70000000000000000000000000000000000000000004c0cdb8db2bd8640476e560000000000000000000000000000000000000000038be786c6f13a7be4c8d3b0000000000000000000000000000000000000000003b1596a9c04acf938055678
58256069,2024-06-17 04:06:59,0xeed9a180728f89f6ce1bf0460a42f211d55e455edddddb2b7f829a3eb8e86fdb,111,722,"['0x3115d1449a7b732c986cba18244e897a450f61e1bb8d589cd2e69e6c8924f9f7', '0x0000000000000000000000002791bca1f2de4661ed88a30c99a7a9449aa84174', '0x000000000000000000000000a7d8b4306f5afc732e289333f83cedf0ba013929', '0x000000000000000000000000a7d8b4306f5afc732e289333f83cedf0ba013929']",0x0000000000000000000000000000000000000000000000000000000002180beb
58256369,2024-06-17 04:17:57,0x42b64f067fae4b60e99c4bb5fc002ed90811d5b39191026acf6aeea50bfe5556,135,448,"['0x804c9b842b2748a22bb64b345453a3de7ca54a6ca45ce00d415894979e22897a', '0x0000000000000000000000002791bca1f2de4661ed88a30c99a7a9449aa84174']",0x000000000000000000000000000000000000000000300f2f0fc76ef75f2aa18e0000000000000000000000000000000000000000005ecad963505ca53d4d2f770000000000000000000000000000000000000000004c0cdcc91622c93207b5580000000000000000000000000000000000000000038be7cee83d16c804ea9263000000000000000000000000000000000000000003b159e1751f003d802da564
58256369,2024-06-17 04:17:57,0x42b64f067fae4b60e99c4bb5fc002ed90811d5b39191026acf6aeea50bfe5556,135,451,"['0xa534c8dbe71f871f9f3530e97a74601fea17b426cae02e1c5aee42c96c784051', '0x0000000000000000000000002791bca1f2de4661ed88a30c99a7a9449aa84174', '0x000000000000000000000000dcdf1a1bc92b7eece8b09ab814ce1dee9b84b930', '0x000000000000000000000000dcdf1a1bc92b7eece8b09ab814ce1dee9b84b930']",0x00000000000000000000000000000000000000000000000000000000001eaf830000000000000000000000000000000000000000000000000000000000000000
58256546,2024-06-17 04:24:13,0x54c6b187fb263c10aedff2c87247e5a39671f0f26a3b762d1b6b52d952e33abd,15,106,"['0x804c9b842b2748a22bb64b345453a3de7ca54a6ca45ce00d415894979e22897a', '0x0000000000000000000000002791bca1f2de4661ed88a30c99a7a9449aa84174']",0x00000000000000000000000000000000000000000030dad7f3a33ee0dff589810000000000000000000000000000000000000000005ed31cbdad111d6d7a28450000000000000000000000000000000000000000004cb21fd8543c2cf58b255b0000000000000000000000000000000000000000038be7f81fdad07d175e6091000000000000000000000000000000000000000003b15a255eecb5ab8b968681
58256546,2024-06-17 04:24:13,0x54c6b187fb263c10aedff2c87247e5a39671f0f26a3b762d1b6b52d952e33abd,15,111,"['0x3115d1449a7b732c986cba18244e897a450f61e1bb8d589cd2e69e6c8924f9f7', '0x0000000000000000000000002791bca1f2de4661ed88a30c99a7a9449aa84174', '0x0000000000000000000000008290fda77c43437ab141d02ebc05f95bdd96e182', '0x0000000000000000000000008290fda77c43437ab141d02ebc05f95bdd96e182']",0x00000000000000000000000000000000000000000000000000000045392a08ce
58256546,2024-06-17 04:24:13,0x54c6b187fb263c10aedff2c87247e5a39671f0f26a3b762d1b6b52d952e33abd,15,125,"['0x804c9b842b2748a22bb64b345453a3de7ca54a6ca45ce00d415894979e22897a', '0x0000000000000000000000002791bca1f2de4661ed88a30c99a7a9449aa84174']",0x000000000000000000000000000000000000000000300fe8b1da8b5f5b8da62c0000000000000000000000000000000000000000005ecae0f2a65c188fca79450000000000000000000000000000000000000000004c0d73fbce17cba3d179640000000000000000000000000000000000000000038be7f81fdad07d175e6091000000000000000000000000000000000000000003b15a255eecb5ab8b968681
58256546,2024-06-17 04:24:13,0x54c6b187fb263c10aedff2c87247e5a39671f0f26a3b762d1b6b52d952e33abd,15,131,"['0x2b627736bca15cd5381dcf80b0bf11fd197d01a037c52b927a881a10fb73ba61', '0x0000000000000000000000002791bca1f2de4661ed88a30c99a7a9449aa84174', '0x0000000000000000000000008290fda77c43437ab141d02ebc05f95bdd96e182', '0x0000000000000000000000000000000000000000000000000000000000000000']",0x0000000000000000000000008290fda77c43437ab141d02ebc05f95bdd96e18200000000000000000000000000000000000000000000000000000044f9acc9e3
58256808,2024-06-17 04:34:01,0x64ff692db5403f30c553e053a02edd0b122a2bf1a4cc880cbc5c48b98e0d7dc5,27,365,"['0x804c9b842b2748a22bb64b345453a3de7ca54a6ca45ce00d415894979e22897a', '0x0000000000000000000000002791bca1f2de4661ed88a30c99a7a9449aa84174']",0x000000000000000000000000000000000000000000300fc7259badabdfc0195c0000000000000000000000000000000000000000005ecadf93b03004fe796f790000000000000000000000000000000000000000004c0d589092a644497cb56c0000000000000000000000000000000000000000038be83895c532285ca5c3ae000000000000000000000000000000000000000003b15a8f9439a1aa3b0e9743
58256808,2024-06-17 04:34:01,0x64ff692db5403f30c553e053a02edd0b122a2bf1a4cc880cbc5c48b98e0d7dc5,27,370,"['0x2b627736bca15cd5381dcf80b0bf11fd197d01a037c52b927a881a10fb73ba61', '0x0000000000000000000000002791bca1f2de4661ed88a30c99a7a9449aa84174', '0x000000000000000000000000b3e2a7b1295d9ee03e1f300dfccaab2ecd47ee53', '0x0000000000000000000000000000000000000000000000000000000000000000']",0x000000000000000000000000b3e2a7b1295d9ee03e1f300dfccaab2ecd47ee53000000000000000000000000000000000000000000000000000000000c2d2f07
58257039,2024-06-17 04:42:43,0x559f42f31ac7b23462bb4f1297c0e89db45d5ca1411b1151c1940cb8a93812cd,42,155,"['0x804c9b842b2748a22bb64b345453a3de7ca54a6ca45ce00d415894979e22897a', '0x0000000000000000000000002791bca1f2de4661ed88a30c99a7a9449aa84174']",0x000000000000000000000000000000000000000000300faa035971cfcc6dfec20000000000000000000000000000000000000000005ecade62e1a944663dde210000000000000000000000000000000000000000004c0d40c0701f3864d55a8e0000000000000000000000000000000000000000038be871cf4a346d189b7235000000000000000000000000000000000000000003b15aeddd92553cf86e37e0
58257039,2024-06-17 04:42:43,0x559f42f31ac7b23462bb4f1297c0e89db45d5ca1411b1151c1940cb8a93812cd,42,160,"['0x2b627736bca15cd5381dcf80b0bf11fd197d01a037c52b927a881a10fb73ba61', '0x0000000000000000000000002791bca1f2de4661ed88a30c99a7a9449aa84174', '0x000000000000000000000000dddb59d79a757156859923c204e4421151628d74', '0x0000000000000000000000000000000000000000000000000000000000000000']",0x000000000000000000000000dddb59d79a757156859923c204e4421151628d74000000000000000000000000000000000000000000000000000000000a963599
58257361,2024-06-17 04:54:15,0x1488e9c976bd3fdf6c22622e4bc2c29ba1d9066a02c16f0983ec9ce3a2603c90,32,112,"['0x804c9b842b2748a22bb64b345453a3de7ca54a6ca45ce00d415894979e22897a', '0x0000000000000000000000002791bca1f2de4661ed88a30c99a7a9449aa84174']",0x00000000000000000000000000000000000000000030da99cda25a6aa63566a60000000000000000000000000000000000000000005ed31a37679e9ad6f897cb0000000000000000000000000000000000000000004cb1ed5ae749f9336bdbdc0000000000000000000000000000000000000000038be8bdab9097605409444f000000000000000000000000000000000000000003b15b6adba4bcaa29ac48ec
58257361,2024-06-17 04:54:15,0x1488e9c976bd3fdf6c22622e4bc2c29ba1d9066a02c16f0983ec9ce3a2603c90,32,117,"['0x3115d1449a7b732c986cba18244e897a450f61e1bb8d589cd2e69e6c8924f9f7', '0x0000000000000000000000002791bca1f2de4661ed88a30c99a7a9449aa84174', '0x0000000000000000000000008290fda77c43437ab141d02ebc05f95bdd96e182', '0x0000000000000000000000008290fda77c43437ab141d02ebc05f95bdd96e182']",0x00000000000000000000000000000000000000000000000000000044f9bbcbea
58257361,2024-06-17 04:54:15,0x1488e9c976bd3fdf6c22622e4bc2c29ba1d9066a02c16f0983ec9ce3a2603c90,32,135,"['0x804c9b842b2748a22bb64b345453a3de7ca54a6ca45ce00d415894979e22897a', '0x0000000000000000000000002791bca1f2de4661ed88a30c99a7a9449aa84174']",0x000000000000000000000000000000000000000000300f9cac0dbd02776357a60000000000000000000000000000000000000000005ecaddd677de956b0086330000000000000000000000000000000000000000004c0d35c82c498cc40a7bfe0000000000000000000000000000000000000000038be8bdab9097605409444f000000000000000000000000000000000000000003b15b6adba4bcaa29ac48ec
58257361,2024-06-17 04:54:15,0x1488e9c976bd3fdf6c22622e4bc2c29ba1d9066a02c16f0983ec9ce3a2603c90,32,141,"['0x2b627736bca15cd5381dcf80b0bf11fd197d01a037c52b927a881a10fb73ba61', '0x0000000000000000000000002791bca1f2de4661ed88a30c99a7a9449aa84174', '0x0000000000000000000000008290fda77c43437ab141d02ebc05f95bdd96e182', '0x0000000000000000000000000000000000000000000000000000000000000000']",0x0000000000000000000000008290fda77c43437ab141d02ebc05f95bdd96e18200000000000000000000000000000000000000000000000000000044ff112a65
58257599,2024-06-17 05:03:11,0x00044554fd079207ec856d5c8da95442c7070c9446b8e2a913d3e7b6683749fb,163,722,"['0x804c9b842b2748a22bb64b345453a3de7ca54a6ca45ce00d415894979e22897a', '0x0000000000000000000000002791bca1f2de4661ed88a30c99a7a9449aa84174']",0x000000000000000000000000000000000000000000301e690e9685ed28fb5a470000000000000000000000000000000000000000005ecb781fd42fa84e3e897d0000000000000000000000000000000000000000004c194383629f0684e2bdb40000000000000000000000000000000000000000038be8f86dd06d1ac4eb575a000000000000000000000000000000000000000003b15bcbac445cae5b9b0a1f
58257599,2024-06-17 05:03:11,0x00044554fd079207ec856d5c8da95442c7070c9446b8e2a913d3e7b6683749fb,163,727,"['0x3115d1449a7b732c986cba18244e897a450f61e1bb8d589cd2e69e6c8924f9f7', '0x0000000000000000000000002791bca1f2de4661ed88a30c99a7a9449aa84174', '0x000000000000000000000000c4aff49fced8ac1d818a6dcab063f9f97e66ec5e', '0x000000000000000000000000c4aff49fced8ac1d818a6dcab063f9f97e66ec5e']",0x000000000000000000000000000000000000000000000000000000028ae731fd
58257599,2024-06-17 05:03:11,0x00044554fd079207ec856d5c8da95442c7070c9446b8e2a913d3e7b6683749fb,163,730,"['0x804c9b842b2748a22bb64b345453a3de7ca54a6ca45ce00d415894979e22897a', '0x0000000000000000000000002791bca1f2de4661ed88a30c99a7a9449aa84174']",0x00000000000000000000000000000000000000000030170167f6422a020043f10000000000000000000000000000000000000000005ecb2aee69cb5bf3d9c7d40000000000000000000000000000000000000000004c133ba712c90f75039c8a0000000000000000000000000000000000000000038be901a1611bdcaed9f01f000000000000000000000000000000000000000003b15bcbac445cae5b9b0a1f
58257660,2024-06-17 05:05:21,0xe056860da904038459d6357c52fcc7bb32301790e6f5411ee95e36402a8585da,72,560,"['0x804c9b842b2748a22bb64b345453a3de7ca54a6ca45ce00d415894979e22897a', '0x0000000000000000000000002791bca1f2de4661ed88a30c99a7a9449aa84174']",0x000000000000000000000000000000000000000000300e1dba2924ac0fffd3910000000000000000000000000000000000000000005ecad071f440b6011c2ada0000000000000000000000000000000000000000004c0c29ede3f4187e3359020000000000000000000000000000000000000000038be90fe3e1f164e2ddc9b3000000000000000000000000000000000000000003b15be3295417cf16810432
58257660,2024-06-17 05:05:21,0xe056860da904038459d6357c52fcc7bb32301790e6f5411ee95e36402a8585da,72,563,"['0xa534c8dbe71f871f9f3530e97a74601fea17b426cae02e1c5aee42c96c784051', '0x0000000000000000000000002791bca1f2de4661ed88a30c99a7a9449aa84174', '0x0000000000000000000000003ad7c1bfe1d71258a3b09b13ecf32c70e174f122', '0x000000000000000000000000b58fd91558fa213d97ac94c97f831c7289278084']",0x00000000000000000000000000000000000000000000000000000002787c1e4c0000000000000000000000000000000000000000000000000000000000000000
58258177,2024-06-17 05:24:15,0xf2e62151a95d3b4519fe8cb81aaa761b62fb94d7580aa648d3a7c72873c25dcd,33,194,"['0x804c9b842b2748a22bb64b345453a3de7ca54a6ca45ce00d415894979e22897a', '0x0000000000000000000000002791bca1f2de4661ed88a30c99a7a9449aa84174']",0x00000000000000000000000000000000000000000030d927b0d7bb3343af74da0000000000000000000000000000000000000000005ed30d80cb1440910daa2c0000000000000000000000000000000000000000004cb0ef16ac7aebbd114b780000000000000000000000000000000000000000038be98c308489259d55ba96000000000000000000000000000000000000000003b15caffac87f11aec4a842
58258177,2024-06-17 05:24:15,0xf2e62151a95d3b4519fe8cb81aaa761b62fb94d7580aa648d3a7c72873c25dcd,33,199,"['0x3115d1449a7b732c986cba18244e897a450f61e1bb8d589cd2e69e6c8924f9f7', '0x0000000000000000000000002791bca1f2de4661ed88a30c99a7a9449aa84174', '0x0000000000000000000000008290fda77c43437ab141d02ebc05f95bdd96e182', '0x0000000000000000000000008290fda77c43437ab141d02ebc05f95bdd96e182']",0x00000000000000000000000000000000000000000000000000000044ff20dc28
58258177,2024-06-17 05:24:15,0xf2e62151a95d3b4519fe8cb81aaa761b62fb94d7580aa648d3a7c72873c25dcd,33,217,"['0x804c9b842b2748a22bb64b345453a3de7ca54a6ca45ce00d415894979e22897a', '0x0000000000000000000000002791bca1f2de4661ed88a30c99a7a9449aa84174']",0x000000000000000000000000000000000000000000300e136f2bb02585b956120000000000000000000000000000000000000000005ecad0048184efaf9835fb0000000000000000000000000000000000000000004c0c2160ed489a1fe437950000000000000000000000000000000000000000038be98c308489259d55ba96000000000000000000000000000000000000000003b15caffac87f11aec4a842
58258177,2024-06-17 05:24:15,0xf2e62151a95d3b4519fe8cb81aaa761b62fb94d7580aa648d3a7c72873c25dcd,33,223,"['0x2b627736bca15cd5381dcf80b0bf11fd197d01a037c52b927a881a10fb73ba61', '0x0000000000000000000000002791bca1f2de4661ed88a30c99a7a9449aa84174', '0x0000000000000000000000008290fda77c43437ab141d02ebc05f95bdd96e182', '0x0000000000000000000000000000000000000000000000000000000000000000']",0x0000000000000000000000008290fda77c43437ab141d02ebc05f95bdd96e1820000000000000000000000000000000000000000000000000000004503e2c29e
58258979,2024-06-17 05:54:14,0xf4f43a6fedd036c7b6f6ec413178950b1da8bfcfc4a1238758d38786d713e423,37,610,"['0x804c9b842b2748a22bb64b345453a3de7ca54a6ca45ce00d415894979e22897a', '0x0000000000000000000000002791bca1f2de4661ed88a30c99a7a9449aa84174']",0x00000000000000000000000000000000000000000030d92d58df1e8b1edaf7460000000000000000000000000000000000000000005ed30db7edb415f554224b0000000000000000000000000000000000000000004cb0f36560f7979292adca0000000000000000000000000000000000000000038bea516157a1b1b798e4c5000000000000000000000000000000000000000003b15df4e876e01867626a02
58258979,2024-06-17 05:54:14,0xf4f43a6fedd036c7b6f6ec413178950b1da8bfcfc4a1238758d38786d713e423,37,615,"['0x3115d1449a7b732c986cba18244e897a450f61e1bb8d589cd2e69e6c8924f9f7', '0x0000000000000000000000002791bca1f2de4661ed88a30c99a7a9449aa84174', '0x0000000000000000000000008290fda77c43437ab141d02ebc05f95bdd96e182', '0x0000000000000000000000008290fda77c43437ab141d02ebc05f95bdd96e182']",0x0000000000000000000000000000000000000000000000000000004503f1bfee
58258979,2024-06-17 05:54:14,0xf4f43a6fedd036c7b6f6ec413178950b1da8bfcfc4a1238758d38786d713e423,37,633,"['0x804c9b842b2748a22bb64b345453a3de7ca54a6ca45ce00d415894979e22897a', '0x0000000000000000000000002791bca1f2de4661ed88a30c99a7a9449aa84174']",0x000000000000000000000000000000000000000000300e066ab3e24013522cb90000000000000000000000000000000000000000005ecacf7969f8b8f19bdc9a0000000000000000000000000000000000000000004c0c1683165453482d3c0a0000000000000000000000000000000000000000038bea516157a1b1b798e4c5000000000000000000000000000000000000000003b15df4e876e01867626a02
58258979,2024-06-17 05:54:14,0xf4f43a6fedd036c7b6f6ec413178950b1da8bfcfc4a1238758d38786d713e423,37,639,"['0x2b627736bca15cd5381dcf80b0bf11fd197d01a037c52b927a881a10fb73ba61', '0x0000000000000000000000002791bca1f2de4661ed88a30c99a7a9449aa84174', '0x0000000000000000000000008290fda77c43437ab141d02ebc05f95bdd96e182', '0x0000000000000000000000000000000000000000000000000000000000000000']",0x0000000000000000000000008290fda77c43437ab141d02ebc05f95bdd96e182000000000000000000000000000000000000000000000000000000450a5a241a
58258981,2024-06-17 05:54:18,0xe027e627d66ad3e76baba1356de369767995e262ec7c7f8aad417a5ff49e8ea6,7,22,"['0x804c9b842b2748a22bb64b345453a3de7ca54a6ca45ce00d415894979e22897a', '0x0000000000000000000000002791bca1f2de4661ed88a30c99a7a9449aa84174']",0x0000000000000000000000000000000000000000002ff4e85fb2742e27b9ce660000000000000000000000000000000000000000005ec9cf9d5114c30bb7fffc0000000000000000000000000000000000000000004bf8195124851d525fffa00000000000000000000000000000000000000000038bea51d1958d350426c971000000000000000000000000000000000000000003b15df5a16a55bab0f35b34
58258981,2024-06-17 05:54:18,0xe027e627d66ad3e76baba1356de369767995e262ec7c7f8aad417a5ff49e8ea6,7,25,"['0xa534c8dbe71f871f9f3530e97a74601fea17b426cae02e1c5aee42c96c784051', '0x0000000000000000000000002791bca1f2de4661ed88a30c99a7a9449aa84174', '0x000000000000000000000000caf744e0f6d8dbd082cf2f86028f2e1abfc7befb', '0x0000000000000000000000007211ec72499d0b31a938174c8f287a2bee7289fb']",0x00000000000000000000000000000000000000000000000000000006fc23ac000000000000000000000000000000000000000000000000000000000000000000
58259694,2024-06-17 06:20:36,0xc2189ce7e072c4597eaad5f232278a04ec5e6f0a42f1e9c4cd4dfa752d6a7472,88,990,"['0x804c9b842b2748a22bb64b345453a3de7ca54a6ca45ce00d415894979e22897a', '0x0000000000000000000000002791bca1f2de4661ed88a30c99a7a9449aa84174']",0x0000000000000000000000000000000000000000002ff516291e3cc0d43f6c650000000000000000000000000000000000000000005ec9d1787ea7dbc6a073a80000000000000000000000000000000000000000004bf83e70b4030bec8909260000000000000000000000000000000000000000038beafe6e9905e58fa81a88000000000000000000000000000000000000000003b15f1259d7b181018042d3
58259694,2024-06-17 06:20:36,0xc2189ce7e072c4597eaad5f232278a04ec5e6f0a42f1e9c4cd4dfa752d6a7472,88,994,"['0x3115d1449a7b732c986cba18244e897a450f61e1bb8d589cd2e69e6c8924f9f7', '0x0000000000000000000000002791bca1f2de4661ed88a30c99a7a9449aa84174', '0x000000000000000000000000593b093b342877604b7383926c0e5afde3473553', '0x000000000000000000000000593b093b342877604b7383926c0e5afde3473553']",0x000000000000000000000000000000000000000000000000000000000e17b300
58259795,2024-06-17 06:24:12,0xb3b4f1e610ba431263e218bbaa14e551b1eb7650d834f008916d41d43f7aa2e8,19,70,"['0x804c9b842b2748a22bb64b345453a3de7ca54a6ca45ce00d415894979e22897a', '0x0000000000000000000000002791bca1f2de4661ed88a30c99a7a9449aa84174']",0x00000000000000000000000000000000000000000030bfd17d6404914ac2ff500000000000000000000000000000000000000000005ed20d9a3dfd747f39eb6a0000000000000000000000000000000000000000004c9cf113a6b2fa588664420000000000000000000000000000000000000000038beb160f63c2144e3ecbf9000000000000000000000000000000000000000003b15f395310ed55d8613dd0
58259795,2024-06-17 06:24:12,0xb3b4f1e610ba431263e218bbaa14e551b1eb7650d834f008916d41d43f7aa2e8,19,75,"['0x3115d1449a7b732c986cba18244e897a450f61e1bb8d589cd2e69e6c8924f9f7', '0x0000000000000000000000002791bca1f2de4661ed88a30c99a7a9449aa84174', '0x0000000000000000000000008290fda77c43437ab141d02ebc05f95bdd96e182', '0x0000000000000000000000008290fda77c43437ab141d02ebc05f95bdd96e182']",0x000000000000000000000000000000000000000000000000000000450a6918dc
58259795,2024-06-17 06:24:12,0xb3b4f1e610ba431263e218bbaa14e551b1eb7650d834f008916d41d43f7aa2e8,19,94,"['0x804c9b842b2748a22bb64b345453a3de7ca54a6ca45ce00d415894979e22897a', '0x0000000000000000000000002791bca1f2de4661ed88a30c99a7a9449aa84174']",0x0000000000000000000000000000000000000000002ff4a51a92d4b4faa0b2c30000000000000000000000000000000000000000005ec9ccdb9f20a519d6dcf30000000000000000000000000000000000000000004bf7e22f3d72c66cc942f60000000000000000000000000000000000000000038beb160f63c2144e3ecbf9000000000000000000000000000000000000000003b15f395310ed55d8613dd0
58259795,2024-06-17 06:24:12,0xb3b4f1e610ba431263e218bbaa14e551b1eb7650d834f008916d41d43f7aa2e8,19,100,"['0x2b627736bca15cd5381dcf80b0bf11fd197d01a037c52b927a881a10fb73ba61', '0x0000000000000000000000002791bca1f2de4661ed88a30c99a7a9449aa84174', '0x0000000000000000000000008290fda77c43437ab141d02ebc05f95bdd96e182', '0x0000000000000000000000000000000000000000000000000000000000000000']",0x0000000000000000000000008290fda77c43437ab141d02ebc05f95bdd96e1820000000000000000000000000000000000000000000000000000004531a1b5cc
58259912,2024-06-17 06:28:20,0xf3efd6191a1b08e4d04e791af5a5119b802f6e4a537244b306d6ca1002126add,50,250,"['0x804c9b842b2748a22bb64b345453a3de7ca54a6ca45ce00d415894979e22897a', '0x0000000000000000000000002791bca1f2de4661ed88a30c99a7a9449aa84174']",0x0000000000000000000000000000000000000000002ff4a5b456e1b3a74ac9b80000000000000000000000000000000000000000005ec9cce17005873f9542540000000000000000000000000000000000000000004bf7e2a38f54715fa92e890000000000000000000000000000000000000000038beb31300d47ac90108f31000000000000000000000000000000000000000003b15f6612313e7aa3239622
58259912,2024-06-17 06:28:20,0xf3efd6191a1b08e4d04e791af5a5119b802f6e4a537244b306d6ca1002126add,50,255,"['0x2b627736bca15cd5381dcf80b0bf11fd197d01a037c52b927a881a10fb73ba61', '0x0000000000000000000000002791bca1f2de4661ed88a30c99a7a9449aa84174', '0x0000000000000000000000003b6385493a1d4603809ddbae647200ef8baa53f5', '0x0000000000000000000000000000000000000000000000000000000000000000']",0x0000000000000000000000003b6385493a1d4603809ddbae647200ef8baa53f500000000000000000000000000000000000000000000000000000000000f4240
58260097,2024-06-17 06:34:54,0x0a9500312b1387966a3ff36c132f110f441df5f91c9165d61d10a69af40647ea,1,17,"['0x804c9b842b2748a22bb64b345453a3de7ca54a6ca45ce00d415894979e22897a', '0x0000000000000000000000002791bca1f2de4661ed88a30c99a7a9449aa84174']",0x0000000000000000000000000000000000000000002ff4d237f096c1180cbf690000000000000000000000000000000000000000005ec9ceb181d3549a79014c0000000000000000000000000000000000000000004bf806e4f3687c797419ef0000000000000000000000000000000000000000038beb5c491c6db2ab811d2b000000000000000000000000000000000000000003b15fad2914b8bd6634aacc
58260097,2024-06-17 06:34:54,0x0a9500312b1387966a3ff36c132f110f441df5f91c9165d61d10a69af40647ea,1,22,"['0x3115d1449a7b732c986cba18244e897a450f61e1bb8d589cd2e69e6c8924f9f7', '0x0000000000000000000000002791bca1f2de4661ed88a30c99a7a9449aa84174', '0x000000000000000000000000d3cdf94a0ee626071df1d2c7068b48550319c49b', '0x000000000000000000000000dda6af9d3ec18ca332452205e63ec5e5c820d384']",0x000000000000000000000000000000000000000000000000000000000eed7969
58260285,2024-06-17 06:41:32,0xa3f130523fce5d27ad544d1ea61265d80b392f290cb3b47b85ffa323058cca29,49,496,"['0x804c9b842b2748a22bb64b345453a3de7ca54a6ca45ce00d415894979e22897a', '0x0000000000000000000000002791bca1f2de4661ed88a30c99a7a9449aa84174']",0x0000000000000000000000000000000000000000002ff4d588c57306a0fd6aca0000000000000000000000000000000000000000005ec9ced365a444a0ec0c9c0000000000000000000000000000000000000000004bf8098abfbb3cfa70fc340000000000000000000000000000000000000000038beb87d258ceb754abf16e000000000000000000000000000000000000000003b15ff4f8e2884d18387600
58260285,2024-06-17 06:41:32,0xa3f130523fce5d27ad544d1ea61265d80b392f290cb3b47b85ffa323058cca29,49,501,"['0x3115d1449a7b732c986cba18244e897a450f61e1bb8d589cd2e69e6c8924f9f7', '0x0000000000000000000000002791bca1f2de4661ed88a30c99a7a9449aa84174', '0x000000000000000000000000dce40846cabaed9064a3bf5a7445235db8ff0ff3', '0x0000000000000000000000007a8f557916d99945eaf2f8763935a70bdc81f650']",0x0000000000000000000000000000000000000000000000000000000000b7248c
58260291,2024-06-17 06:41:46,0x5b736ec80839b87d201bd021c3dbe18cc3f06d107835a97f4fc3f8e56fa86285,69,306,"['0x804c9b842b2748a22bb64b345453a3de7ca54a6ca45ce00d415894979e22897a', '0x0000000000000000000000002791bca1f2de4661ed88a30c99a7a9449aa84174']",0x0000000000000000000000000000000000000000002ff4e5fe9e374c795cba260000000000000000000000000000000000000000005ec9cf7f3db0c70b17041e0000000000000000000000000000000000000000004bf816f7a0b56d45cc525e0000000000000000000000000000000000000000038beb895a641d9f440656e2000000000000000000000000000000000000000003b15ff77f8d5613baf892da
58260291,2024-06-17 06:41:46,0x5b736ec80839b87d201bd021c3dbe18cc3f06d107835a97f4fc3f8e56fa86285,69,311,"['0x3115d1449a7b732c986cba18244e897a450f61e1bb8d589cd2e69e6c8924f9f7', '0x0000000000000000000000002791bca1f2de4661ed88a30c99a7a9449aa84174', '0x000000000000000000000000d3cdf94a0ee626071df1d2c7068b48550319c49b', '0x0000000000000000000000009f661446581234e2fb1e0c028ee1585305d23e7d']",0x0000000000000000000000000000000000000000000000000000000005a956b7
58260293,2024-06-17 06:41:50,0x4f52127b677b4e1700748a224011c651077839366036e42cfe36274c3e09ed6c,0,14,"['0x804c9b842b2748a22bb64b345453a3de7ca54a6ca45ce00d415894979e22897a', '0x0000000000000000000000002791bca1f2de4661ed88a30c99a7a9449aa84174']",0x0000000000000000000000000000000000000000002ff5115b790aa6784680ee0000000000000000000000000000000000000000005ec9d144002f34e2cde5fe0000000000000000000000000000000000000000004bf83a56d296022015f7d00000000000000000000000000000000000000000038beb89ca677f5fb09b19e7000000000000000000000000000000000000000003b15ff838508d447a3666a6
58260293,2024-06-17 06:41:50,0x4f52127b677b4e1700748a224011c651077839366036e42cfe36274c3e09ed6c,0,19,"['0x3115d1449a7b732c986cba18244e897a450f61e1bb8d589cd2e69e6c8924f9f7', '0x0000000000000000000000002791bca1f2de4661ed88a30c99a7a9449aa84174', '0x000000000000000000000000d3cdf94a0ee626071df1d2c7068b48550319c49b', '0x000000000000000000000000dda6af9d3ec18ca332452205e63ec5e5c820d384']",0x000000000000000000000000000000000000000000000000000000000ef319be
58260329,2024-06-17 06:43:06,0xd2e240194f5decbcb9f0085c50c058606fd4560ec4171483ba4b3e9893953e62,48,260,"['0x804c9b842b2748a22bb64b345453a3de7ca54a6ca45ce00d415894979e22897a', '0x0000000000000000000000002791bca1f2de4661ed88a30c99a7a9449aa84174']",0x0000000000000000000000000000000000000000002fddfa8f653762e53651060000000000000000000000000000000000000000005ec8e0121b0ca03e2f77100000000000000000000000000000000000000000004be56270ebe26543b54d4b0000000000000000000000000000000000000000038beb921aaf460f57448bd0000000000000000000000000000000000000000003b16005eed42332fafb0728
58260329,2024-06-17 06:43:06,0xd2e240194f5decbcb9f0085c50c058606fd4560ec4171483ba4b3e9893953e62,48,266,"['0x2b627736bca15cd5381dcf80b0bf11fd197d01a037c52b927a881a10fb73ba61', '0x0000000000000000000000002791bca1f2de4661ed88a30c99a7a9449aa84174', '0x000000000000000000000000873dedc08c68af519003fe8fd23a1122369bbaa2', '0x0000000000000000000000000000000000000000000000000000000000000000']",0x000000000000000000000000873dedc08c68af519003fe8fd23a1122369bbaa200000000000000000000000000000000000000000000000000000007f95faaa2
58260504,2024-06-17 06:49:18,0x0b6041407426593efe310d70d4edb8b7e02bbef357f9183f684d6ee60b03e1f3,73,482,"['0x804c9b842b2748a22bb64b345453a3de7ca54a6ca45ce00d415894979e22897a', '0x0000000000000000000000002791bca1f2de4661ed88a30c99a7a9449aa84174']",0x0000000000000000000000000000000000000000002fde27460aeec4b1bf5c590000000000000000000000000000000000000000005ec8e1e4bb57abeb371f3f0000000000000000000000000000000000000000004be586e571bf4ec84e70f60000000000000000000000000000000000000000038bebbab87786407204bf96000000000000000000000000000000000000000003b16048fd3bc51d4dcedb0c
58260504,2024-06-17 06:49:18,0x0b6041407426593efe310d70d4edb8b7e02bbef357f9183f684d6ee60b03e1f3,73,487,"['0x3115d1449a7b732c986cba18244e897a450f61e1bb8d589cd2e69e6c8924f9f7', '0x0000000000000000000000002791bca1f2de4661ed88a30c99a7a9449aa84174', '0x000000000000000000000000d3cdf94a0ee626071df1d2c7068b48550319c49b', '0x0000000000000000000000009f661446581234e2fb1e0c028ee1585305d23e7d']",0x000000000000000000000000000000000000000000000000000000000f0fe3d2
58260539,2024-06-17 06:50:32,0x61d582062b1acee8a370f7b9134272cfa84bb06744557ce55df8a3bbd3a8a296,60,328,"['0x804c9b842b2748a22bb64b345453a3de7ca54a6ca45ce00d415894979e22897a', '0x0000000000000000000000002791bca1f2de4661ed88a30c99a7a9449aa84174']",0x0000000000000000000000000000000000000000002fde38bd51a32ebbdac2e60000000000000000000000000000000000000000005ec8e29b2263f4ea0f9ce70000000000000000000000000000000000000000004be595257eb502b138421c0000000000000000000000000000000000000000038bebc2ccdfb2b600eb5e79000000000000000000000000000000000000000003b1605654154b7f8a4e4ec1
58260539,2024-06-17 06:50:32,0x61d582062b1acee8a370f7b9134272cfa84bb06744557ce55df8a3bbd3a8a296,60,333,"['0x3115d1449a7b732c986cba18244e897a450f61e1bb8d589cd2e69e6c8924f9f7', '0x0000000000000000000000002791bca1f2de4661ed88a30c99a7a9449aa84174', '0x0000000000000000000000007d585b0e27bbb3d981b7757115ec11f47c476994', '0x0000000000000000000000007d585b0e27bbb3d981b7757115ec11f47c476994']",0x0000000000000000000000000000000000000000000000000000000005f5e100
58260641,2024-06-17 06:54:12,0x7b3d8920d14860f7dd8772d16b22445db4419afa1d8a4a61aa5e0b1cd7fd7783,50,157,"['0x804c9b842b2748a22bb64b345453a3de7ca54a6ca45ce00d415894979e22897a', '0x0000000000000000000000002791bca1f2de4661ed88a30c99a7a9449aa84174']",0x00000000000000000000000000000000000000000030a8d3e3ef33d556a98a520000000000000000000000000000000000000000005ed11f61f6868347347c520000000000000000000000000000000000000000004c8a54ae116821f819b65b0000000000000000000000000000000000000000038bebdad23a0ec50f33f35d000000000000000000000000000000000000000003b1607dfc5f5be8f2d8b9e0
58260641,2024-06-17 06:54:12,0x7b3d8920d14860f7dd8772d16b22445db4419afa1d8a4a61aa5e0b1cd7fd7783,50,162,"['0x3115d1449a7b732c986cba18244e897a450f61e1bb8d589cd2e69e6c8924f9f7', '0x0000000000000000000000002791bca1f2de4661ed88a30c99a7a9449aa84174', '0x0000000000000000000000008290fda77c43437ab141d02ebc05f95bdd96e182', '0x0000000000000000000000008290fda77c43437ab141d02ebc05f95bdd96e182']",0x0000000000000000000000000000000000000000000000000000004531b0b4a3
58260641,2024-06-17 06:54:12,0x7b3d8920d14860f7dd8772d16b22445db4419afa1d8a4a61aa5e0b1cd7fd7783,50,181,"['0x804c9b842b2748a22bb64b345453a3de7ca54a6ca45ce00d415894979e22897a', '0x0000000000000000000000002791bca1f2de4661ed88a30c99a7a9449aa84174']",0x0000000000000000000000000000000000000000002fddbd9748af444e7596c00000000000000000000000000000000000000000005ec8dd93af241d5daac4140000000000000000000000000000000000000000004be530907db82bb957517f0000000000000000000000000000000000000000038bebdad23a0ec50f33f35d000000000000000000000000000000000000000003b1607dfc5f5be8f2d8b9e0
58260641,2024-06-17 06:54:12,0x7b3d8920d14860f7dd8772d16b22445db4419afa1d8a4a61aa5e0b1cd7fd7783,50,187,"['0x2b627736bca15cd5381dcf80b0bf11fd197d01a037c52b927a881a10fb73ba61', '0x0000000000000000000000002791bca1f2de4661ed88a30c99a7a9449aa84174', '0x0000000000000000000000008290fda77c43437ab141d02ebc05f95bdd96e182', '0x0000000000000000000000000000000000000000000000000000000000000000']",0x0000000000000000000000008290fda77c43437ab141d02ebc05f95bdd96e182000000000000000000000000000000000000000000000000000000455c84be8f
58260864,2024-06-17 07:02:28,0x0faa33090435ae9b978da10739e95ff74b8050e70ba3c540848669a543f783f5,132,445,"['0x804c9b842b2748a22bb64b345453a3de7ca54a6ca45ce00d415894979e22897a', '0x0000000000000000000000002791bca1f2de4661ed88a30c99a7a9449aa84174']",0x0000000000000000000000000000000000000000002fde6b7c4f8e7740d5b66e0000000000000000000000000000000000000000005ec8e4ac2c4cab3acdf6b70000000000000000000000000000000000000000004be5be7a44e3410017464f0000000000000000000000000000000000000000038bec10f9af1595eb55ddc7000000000000000000000000000000000000000003b160d764bb309806724657
58260864,2024-06-17 07:02:28,0x0faa33090435ae9b978da10739e95ff74b8050e70ba3c540848669a543f783f5,132,450,"['0x3115d1449a7b732c986cba18244e897a450f61e1bb8d589cd2e69e6c8924f9f7', '0x0000000000000000000000002791bca1f2de4661ed88a30c99a7a9449aa84174', '0x000000000000000000000000c4aff49fced8ac1d818a6dcab063f9f97e66ec5e', '0x000000000000000000000000c4aff49fced8ac1d818a6dcab063f9f97e66ec5e']",0x000000000000000000000000000000000000000000000000000000003b9aca00
58260898,2024-06-17 07:03:40,0x4a34f037281b2572514831169c6797628b78834525687129b7d20a4f33023b70,54,976,"['0x804c9b842b2748a22bb64b345453a3de7ca54a6ca45ce00d415894979e22897a', '0x0000000000000000000000002791bca1f2de4661ed88a30c99a7a9449aa84174']",0x0000000000000000000000000000000000000000002fdf181209bd88474b7bba0000000000000000000000000000000000000000005ec8ebb7b30aad5d35c0e50000000000000000000000000000000000000000004be64b60cbbb6bb03311ee0000000000000000000000000000000000000000038bec18d63c1147c2977777000000000000000000000000000000000000000003b160e45f551a928aab23b5
58260898,2024-06-17 07:03:40,0x4a34f037281b2572514831169c6797628b78834525687129b7d20a4f33023b70,54,981,"['0x3115d1449a7b732c986cba18244e897a450f61e1bb8d589cd2e69e6c8924f9f7', '0x0000000000000000000000002791bca1f2de4661ed88a30c99a7a9449aa84174', '0x000000000000000000000000c4aff49fced8ac1d818a6dcab063f9f97e66ec5e', '0x000000000000000000000000c4aff49fced8ac1d818a6dcab063f9f97e66ec5e']",0x000000000000000000000000000000000000000000000000000000003b9aca00
58261476,2024-06-17 07:24:14,0x01ed628c150886bc7ff46c6d17a52ec1fe91d3ed83374ab363bc77de46ab08ff,38,132,"['0x804c9b842b2748a22bb64b345453a3de7ca54a6ca45ce00d415894979e22897a', '0x0000000000000000000000002791bca1f2de4661ed88a30c99a7a9449aa84174']",0x00000000000000000000000000000000000000000030aa3b0dbdcea3fa7581060000000000000000000000000000000000000000005ed12de98430a28c62f03a0000000000000000000000000000000000000000004c8b774522b2935fbac48e0000000000000000000000000000000000000000038bec9f95051640ca4918b0000000000000000000000000000000000000000003b161c2d2bf3b232ef45605
58261476,2024-06-17 07:24:14,0x01ed628c150886bc7ff46c6d17a52ec1fe91d3ed83374ab363bc77de46ab08ff,38,137,"['0x3115d1449a7b732c986cba18244e897a450f61e1bb8d589cd2e69e6c8924f9f7', '0x0000000000000000000000002791bca1f2de4661ed88a30c99a7a9449aa84174', '0x0000000000000000000000008290fda77c43437ab141d02ebc05f95bdd96e182', '0x0000000000000000000000008290fda77c43437ab141d02ebc05f95bdd96e182']",0x000000000000000000000000000000000000000000000000000000455c93c6ad
58261476,2024-06-17 07:24:14,0x01ed628c150886bc7ff46c6d17a52ec1fe91d3ed83374ab363bc77de46ab08ff,38,156,"['0x804c9b842b2748a22bb64b345453a3de7ca54a6ca45ce00d415894979e22897a', '0x0000000000000000000000002791bca1f2de4661ed88a30c99a7a9449aa84174']",0x0000000000000000000000000000000000000000002fdf28fe3b0cebf0abd3840000000000000000000000000000000000000000005ec8ec664b523184dede9c0000000000000000000000000000000000000000004be65904b151bec969642c0000000000000000000000000000000000000000038bec9f95051640ca4918b0000000000000000000000000000000000000000003b161c2d2bf3b232ef45605
58261476,2024-06-17 07:24:14,0x01ed628c150886bc7ff46c6d17a52ec1fe91d3ed83374ab363bc77de46ab08ff,38,162,"['0x2b627736bca15cd5381dcf80b0bf11fd197d01a037c52b927a881a10fb73ba61', '0x0000000000000000000000002791bca1f2de4661ed88a30c99a7a9449aa84174', '0x0000000000000000000000008290fda77c43437ab141d02ebc05f95bdd96e182', '0x0000000000000000000000000000000000000000000000000000000000000000']",0x0000000000000000000000008290fda77c43437ab141d02ebc05f95bdd96e18200000000000000000000000000000000000000000000000000000045580ed9b8
58262150,2024-06-17 07:48:10,0x3e5e752317ccc00ecf767aa78e615391a6407b6706b8d81ac37c57842ad751b3,91,311,"['0x804c9b842b2748a22bb64b345453a3de7ca54a6ca45ce00d415894979e22897a', '0x0000000000000000000000002791bca1f2de4661ed88a30c99a7a9449aa84174']",0x0000000000000000000000000000000000000000002fe04f378c3977a133e6290000000000000000000000000000000000000000005ec8f8666e9b8d2db631b90000000000000000000000000000000000000000004be74907730ce7fa3be2730000000000000000000000000000000000000000038bed3c62bf2a653260b0e8000000000000000000000000000000000000000003b162c5b09ff28aeb1ce304
58262150,2024-06-17 07:48:10,0x3e5e752317ccc00ecf767aa78e615391a6407b6706b8d81ac37c57842ad751b3,91,316,"['0x3115d1449a7b732c986cba18244e897a450f61e1bb8d589cd2e69e6c8924f9f7', '0x0000000000000000000000002791bca1f2de4661ed88a30c99a7a9449aa84174', '0x000000000000000000000000c4aff49fced8ac1d818a6dcab063f9f97e66ec5e', '0x000000000000000000000000c4aff49fced8ac1d818a6dcab063f9f97e66ec5e']",0x00000000000000000000000000000000000000000000000000000000642f413a
58262259,2024-06-17 07:52:04,0xdef6034df14a7416fadb24929695f0961e9a49f2da4482724ffc4bca515df5dd,83,354,"['0x804c9b842b2748a22bb64b345453a3de7ca54a6ca45ce00d415894979e22897a', '0x0000000000000000000000002791bca1f2de4661ed88a30c99a7a9449aa84174']",0x0000000000000000000000000000000000000000002fdfc9ba86c7aa440a65920000000000000000000000000000000000000000005ec8f314782065738631780000000000000000000000000000000000000000004be6dea0316dcd6e7bdd570000000000000000000000000000000000000000038bed55f093fab772b6cef9000000000000000000000000000000000000000003b162efe00627d74820c5a6
58262259,2024-06-17 07:52:04,0xdef6034df14a7416fadb24929695f0961e9a49f2da4482724ffc4bca515df5dd,83,357,"['0xa534c8dbe71f871f9f3530e97a74601fea17b426cae02e1c5aee42c96c784051', '0x0000000000000000000000002791bca1f2de4661ed88a30c99a7a9449aa84174', '0x000000000000000000000000de4f4015507cb53147edd0e2dfd3dcf991ae7f0c', '0x000000000000000000000000de4f4015507cb53147edd0e2dfd3dcf991ae7f0c']",0x0000000000000000000000000000000000000000000000000000000025693c900000000000000000000000000000000000000000000000000000000000000000
58262320,2024-06-17 07:54:14,0x60d194ec5a630386b10633a05a51b00db0f532a230e6d74a23b7f91d6f517617,35,200,"['0x804c9b842b2748a22bb64b345453a3de7ca54a6ca45ce00d415894979e22897a', '0x0000000000000000000000002791bca1f2de4661ed88a30c99a7a9449aa84174']",0x00000000000000000000000000000000000000000030aae15558bdd03607c29e0000000000000000000000000000000000000000005ed134c3c337d701ec3e890000000000000000000000000000000000000000004c8c00520f42ac8e74e2bb0000000000000000000000000000000000000000038bed6422c694c7948294b0000000000000000000000000000000000000000003b163074f90acf7a8d5436f
58262320,2024-06-17 07:54:14,0x60d194ec5a630386b10633a05a51b00db0f532a230e6d74a23b7f91d6f517617,35,205,"['0x3115d1449a7b732c986cba18244e897a450f61e1bb8d589cd2e69e6c8924f9f7', '0x0000000000000000000000002791bca1f2de4661ed88a30c99a7a9449aa84174', '0x0000000000000000000000008290fda77c43437ab141d02ebc05f95bdd96e182', '0x0000000000000000000000008290fda77c43437ab141d02ebc05f95bdd96e182']",0x00000000000000000000000000000000000000000000000000000045581ddcce
58262320,2024-06-17 07:54:14,0x60d194ec5a630386b10633a05a51b00db0f532a230e6d74a23b7f91d6f517617,35,224,"['0x804c9b842b2748a22bb64b345453a3de7ca54a6ca45ce00d415894979e22897a', '0x0000000000000000000000002791bca1f2de4661ed88a30c99a7a9449aa84174']",0x0000000000000000000000000000000000000000002fdfc87136c43e257ed8c10000000000000000000000000000000000000000005ec8f306c9c272d66582c20000000000000000000000000000000000000000004be6dd8e9216d927ee37260000000000000000000000000000000000000000038bed6422c694c7948294b0000000000000000000000000000000000000000003b163074f90acf7a8d5436f
58262320,2024-06-17 07:54:14,0x60d194ec5a630386b10633a05a51b00db0f532a230e6d74a23b7f91d6f517617,35,230,"['0x2b627736bca15cd5381dcf80b0bf11fd197d01a037c52b927a881a10fb73ba61', '0x0000000000000000000000002791bca1f2de4661ed88a30c99a7a9449aa84174', '0x0000000000000000000000008290fda77c43437ab141d02ebc05f95bdd96e182', '0x0000000000000000000000000000000000000000000000000000000000000000']",0x0000000000000000000000008290fda77c43437ab141d02ebc05f95bdd96e1820000000000000000000000000000000000000000000000000000004558b3a963
58262336,2024-06-17 07:54:48,0xa121c6c44827d1ca04e753c268abea4a0058de354c4133c9d22706afc8099c60,41,163,"['0x804c9b842b2748a22bb64b345453a3de7ca54a6ca45ce00d415894979e22897a', '0x0000000000000000000000002791bca1f2de4661ed88a30c99a7a9449aa84174']",0x0000000000000000000000000000000000000000002fe88ac4e054a187af69750000000000000000000000000000000000000000005ec94e8bcd2f2fd7facbe60000000000000000000000000000000000000000004bee03f2d6959d4797edfa0000000000000000000000000000000000000000038bed67d9420cfacb42ecfc000000000000000000000000000000000000000003b1630d70ad095cec1b41ce
58262336,2024-06-17 07:54:48,0xa121c6c44827d1ca04e753c268abea4a0058de354c4133c9d22706afc8099c60,41,167,"['0x3115d1449a7b732c986cba18244e897a450f61e1bb8d589cd2e69e6c8924f9f7', '0x0000000000000000000000002791bca1f2de4661ed88a30c99a7a9449aa84174', '0x00000000000000000000000054c20f77c5e19dcd8cc5ef959bc9cc6c374fd07f', '0x00000000000000000000000054c20f77c5e19dcd8cc5ef959bc9cc6c374fd07f']",0x0000000000000000000000000000000000000000000000000000000306dc4200
58262735,2024-06-17 08:08:54,0x2474e252553e3f88449035244e51b4dd4518266140d01b075e0872c5dc1cff30,92,259,"['0x804c9b842b2748a22bb64b345453a3de7ca54a6ca45ce00d415894979e22897a', '0x0000000000000000000000002791bca1f2de4661ed88a30c99a7a9449aa84174']",0x0000000000000000000000000000000000000000002fe88cce8d019fb7bc37bd0000000000000000000000000000000000000000005ec94e9f89e6ac63d0df3a0000000000000000000000000000000000000000004bee057d94eb58345170890000000000000000000000000000000000000000038bedc44c65f0cb78b843fb000000000000000000000000000000000000000003b163a60242d0a6f4a8db67
58262735,2024-06-17 08:08:54,0x2474e252553e3f88449035244e51b4dd4518266140d01b075e0872c5dc1cff30,92,265,"['0x2b627736bca15cd5381dcf80b0bf11fd197d01a037c52b927a881a10fb73ba61', '0x0000000000000000000000002791bca1f2de4661ed88a30c99a7a9449aa84174', '0x00000000000000000000000014e2529e0eed71e174ffd16d47f46782424286af', '0x0000000000000000000000000000000000000000000000000000000000000000']",0x00000000000000000000000014e2529e0eed71e174ffd16d47f46782424286af0000000000000000000000000000000000000000000000000000000000354a37
58262771,2024-06-17 08:10:12,0x4da3f9ac97ad67fd0e57c5b6a5338d5cd0df1441aff7eef5a7ae9b2a88cdeae4,92,268,"['0x804c9b842b2748a22bb64b345453a3de7ca54a6ca45ce00d415894979e22897a', '0x0000000000000000000000002791bca1f2de4661ed88a30c99a7a9449aa84174']",0x0000000000000000000000000000000000000000002fe88da729d0402b6e77be0000000000000000000000000000000000000000005ec94ea83c2d1f230e7ec20000000000000000000000000000000000000000004bee062b826c4f2521e7280000000000000000000000000000000000000000038bedccd27ad20d74966bfb000000000000000000000000000000000000000003b163b4135226578daadceb
58262771,2024-06-17 08:10:12,0x4da3f9ac97ad67fd0e57c5b6a5338d5cd0df1441aff7eef5a7ae9b2a88cdeae4,92,273,"['0x3115d1449a7b732c986cba18244e897a450f61e1bb8d589cd2e69e6c8924f9f7', '0x0000000000000000000000002791bca1f2de4661ed88a30c99a7a9449aa84174', '0x00000000000000000000000014e2529e0eed71e174ffd16d47f46782424286af', '0x00000000000000000000000014e2529e0eed71e174ffd16d47f46782424286af']",0x0000000000000000000000000000000000000000000000000000000000354a38
58262927,2024-06-17 08:15:42,0x0d80f275531aeec603bcd2acadb3df026b5a41e152e4a350ddaf804decc16623,24,98,"['0x804c9b842b2748a22bb64b345453a3de7ca54a6ca45ce00d415894979e22897a', '0x0000000000000000000000002791bca1f2de4661ed88a30c99a7a9449aa84174']",0x0000000000000000000000000000000000000000002fef4dff4267071c910fea0000000000000000000000000000000000000000005ec9952c9d989a79d2a37e0000000000000000000000000000000000000000004bf388831ed1f1ec74c5cd0000000000000000000000000000000000000000038bedf0e25dfaf0d0c5a23e000000000000000000000000000000000000000003b163ef9695e03acf5bada8
58262927,2024-06-17 08:15:42,0x0d80f275531aeec603bcd2acadb3df026b5a41e152e4a350ddaf804decc16623,24,102,"['0x3115d1449a7b732c986cba18244e897a450f61e1bb8d589cd2e69e6c8924f9f7', '0x0000000000000000000000002791bca1f2de4661ed88a30c99a7a9449aa84174', '0x0000000000000000000000009324cb8c93d83a94978353e7c9c42f6d72d9ed96', '0x0000000000000000000000009324cb8c93d83a94978353e7c9c42f6d72d9ed96']",0x0000000000000000000000000000000000000000000000000000000254582f40
58263162,2024-06-17 08:24:02,0x6d89c9145b235915bbd82b3678980728807e1b8025a38d2e2da5d34accfc6748,108,677,"['0x804c9b842b2748a22bb64b345453a3de7ca54a6ca45ce00d415894979e22897a', '0x0000000000000000000000002791bca1f2de4661ed88a30c99a7a9449aa84174']",0x0000000000000000000000000000000000000000002fef7864bbe5423293d7ca0000000000000000000000000000000000000000005ec996e679ea38e2b942480000000000000000000000000000000000000000004bf3ab085532521e792d9d0000000000000000000000000000000000000000038bee278dc8992bd2dba1ec000000000000000000000000000000000000000003b16449c8e3d373ed21cab7
58263162,2024-06-17 08:24:02,0x6d89c9145b235915bbd82b3678980728807e1b8025a38d2e2da5d34accfc6748,108,681,"['0x3115d1449a7b732c986cba18244e897a450f61e1bb8d589cd2e69e6c8924f9f7', '0x0000000000000000000000002791bca1f2de4661ed88a30c99a7a9449aa84174', '0x000000000000000000000000593b093b342877604b7383926c0e5afde3473553', '0x000000000000000000000000593b093b342877604b7383926c0e5afde3473553']",0x000000000000000000000000000000000000000000000000000000000e17ac26
58263168,2024-06-17 08:24:16,0xff2edf9f2226273f07919a8541f30e887cd242080b773c076063ef6f06a5429a,26,75,"['0x804c9b842b2748a22bb64b345453a3de7ca54a6ca45ce00d415894979e22897a', '0x0000000000000000000000002791bca1f2de4661ed88a30c99a7a9449aa84174']",0x00000000000000000000000000000000000000000030baf77fdf49cbfdb7f2550000000000000000000000000000000000000000005ed1db6f4b2f52429bfbb20000000000000000000000000000000000000000004c9905b8ae984d9c2fa9f80000000000000000000000000000000000000000038bee2915a9308f8451492d000000000000000000000000000000000000000003b1644c4f6c6679d02aa460
58263168,2024-06-17 08:24:16,0xff2edf9f2226273f07919a8541f30e887cd242080b773c076063ef6f06a5429a,26,80,"['0x3115d1449a7b732c986cba18244e897a450f61e1bb8d589cd2e69e6c8924f9f7', '0x0000000000000000000000002791bca1f2de4661ed88a30c99a7a9449aa84174', '0x0000000000000000000000008290fda77c43437ab141d02ebc05f95bdd96e182', '0x0000000000000000000000008290fda77c43437ab141d02ebc05f95bdd96e182']",0x0000000000000000000000000000000000000000000000000000004558c2b454
58263168,2024-06-17 08:24:16,0xff2edf9f2226273f07919a8541f30e887cd242080b773c076063ef6f06a5429a,26,99,"['0x804c9b842b2748a22bb64b345453a3de7ca54a6ca45ce00d415894979e22897a', '0x0000000000000000000000002791bca1f2de4661ed88a30c99a7a9449aa84174']",0x0000000000000000000000000000000000000000002fefd49f363b32e765c4400000000000000000000000000000000000000000005ec99aa9a74b15e4d5272f0000000000000000000000000000000000000000004bf3f647e0c39648a70fba0000000000000000000000000000000000000000038bee2915a9308f8451492d000000000000000000000000000000000000000003b1644c4f6c6679d02aa460
58263168,2024-06-17 08:24:16,0xff2edf9f2226273f07919a8541f30e887cd242080b773c076063ef6f06a5429a,26,105,"['0x2b627736bca15cd5381dcf80b0bf11fd197d01a037c52b927a881a10fb73ba61', '0x0000000000000000000000002791bca1f2de4661ed88a30c99a7a9449aa84174', '0x0000000000000000000000008290fda77c43437ab141d02ebc05f95bdd96e182', '0x0000000000000000000000000000000000000000000000000000000000000000']",0x0000000000000000000000008290fda77c43437ab141d02ebc05f95bdd96e1820000000000000000000000000000000000000000000000000000004538f2f5a2
58263214,2024-06-17 08:25:52,0x031e1677ee4c0d22a60db7f5aa4547235fc72c3a72954421d73785e35210b3dd,6,30,"['0x804c9b842b2748a22bb64b345453a3de7ca54a6ca45ce00d415894979e22897a', '0x0000000000000000000000002791bca1f2de4661ed88a30c99a7a9449aa84174']",0x0000000000000000000000000000000000000000002fd6c094d019658bfac7e70000000000000000000000000000000000000000005ec89ade8fca5fc185e03b0000000000000000000000000000000000000000004bdffa6a0ab55b8675849c0000000000000000000000000000000000000000038bee3394e6079b357f7a7b000000000000000000000000000000000000000003b1645da0dd1b2dcf6d5f5a
58263214,2024-06-17 08:25:52,0x031e1677ee4c0d22a60db7f5aa4547235fc72c3a72954421d73785e35210b3dd,6,33,"['0xa534c8dbe71f871f9f3530e97a74601fea17b426cae02e1c5aee42c96c784051', '0x0000000000000000000000002791bca1f2de4661ed88a30c99a7a9449aa84174', '0x000000000000000000000000caf744e0f6d8dbd082cf2f86028f2e1abfc7befb', '0x0000000000000000000000007211ec72499d0b31a938174c8f287a2bee7289fb']",0x00000000000000000000000000000000000000000000000000000006fc23ac000000000000000000000000000000000000000000000000000000000000000000
58263290,2024-06-17 08:28:34,0xdce7f967380c1dc9d879d0537d1e381b6fafeeb84308b80c5ddb03c07ff775ab,87,344,"['0x804c9b842b2748a22bb64b345453a3de7ca54a6ca45ce00d415894979e22897a', '0x0000000000000000000000002791bca1f2de4661ed88a30c99a7a9449aa84174']",0x0000000000000000000000000000000000000000002fd6c12030e9d6332a0bfa0000000000000000000000000000000000000000005ec89ae3f51bc71a40530c0000000000000000000000000000000000000000004bdffad5f5116e75067cee0000000000000000000000000000000000000000038bee4542588de2a7941a46000000000000000000000000000000000000000003b1647ad29b96eba15ba099
58263290,2024-06-17 08:28:34,0xdce7f967380c1dc9d879d0537d1e381b6fafeeb84308b80c5ddb03c07ff775ab,87,348,"['0x3115d1449a7b732c986cba18244e897a450f61e1bb8d589cd2e69e6c8924f9f7', '0x0000000000000000000000002791bca1f2de4661ed88a30c99a7a9449aa84174', '0x0000000000000000000000001db49d9871a61101275ea72d9b9498948434af2c', '0x0000000000000000000000001db49d9871a61101275ea72d9b9498948434af2c']",0x00000000000000000000000000000000000000000000000000000000000364d5
58263497,2024-06-17 08:35:54,0xf55a2223f0398ccc4037c7c7ccddfac209bd6171fc43abbbac148ea873ec15c9,63,201,"['0x804c9b842b2748a22bb64b345453a3de7ca54a6ca45ce00d415894979e22897a', '0x0000000000000000000000002791bca1f2de4661ed88a30c99a7a9449aa84174']",0x0000000000000000000000000000000000000000002fd4815d22d8259c7266220000000000000000000000000000000000000000005ec8835f5dda630c36b9370000000000000000000000000000000000000000004bde247a23f59d5c4678500000000000000000000000000000000000000000038bee7545b0b1d7d1d1165b000000000000000000000000000000000000000003b164ca1daf6c62e2cb9ec4
58263497,2024-06-17 08:35:54,0xf55a2223f0398ccc4037c7c7ccddfac209bd6171fc43abbbac148ea873ec15c9,63,206,"['0x2b627736bca15cd5381dcf80b0bf11fd197d01a037c52b927a881a10fb73ba61', '0x0000000000000000000000002791bca1f2de4661ed88a30c99a7a9449aa84174', '0x000000000000000000000000db92b89ca415c0dab40dc96e99fc411c08f20780', '0x0000000000000000000000000000000000000000000000000000000000000000']",0x000000000000000000000000db92b89ca415c0dab40dc96e99fc411c08f2078000000000000000000000000000000000000000000000000000000000c79ac5d2
58263530,2024-06-17 08:37:04,0xbe354b7a010aa13d5194c3c8ee57633233ac3a34fa2a92cc20acc1b29a3b6a65,82,363,"['0x804c9b842b2748a22bb64b345453a3de7ca54a6ca45ce00d415894979e22897a', '0x0000000000000000000000002791bca1f2de4661ed88a30c99a7a9449aa84174']",0x0000000000000000000000000000000000000000002fd492d0733eb225a1c5b80000000000000000000000000000000000000000005ec88415b27245098bbddc0000000000000000000000000000000000000000004bde32b8bfd34526ead5250000000000000000000000000000000000000000038bee7ce8c619169f577bbb000000000000000000000000000000000000000003b164d6bac7e661db1e00a3
58263530,2024-06-17 08:37:04,0xbe354b7a010aa13d5194c3c8ee57633233ac3a34fa2a92cc20acc1b29a3b6a65,82,367,"['0x3115d1449a7b732c986cba18244e897a450f61e1bb8d589cd2e69e6c8924f9f7', '0x0000000000000000000000002791bca1f2de4661ed88a30c99a7a9449aa84174', '0x0000000000000000000000009c09430a4698479a442194603429c6d6f6f8462c', '0x0000000000000000000000009e9c0c1ae6045147dca6a8950db05dff5a3c0ed1']",0x0000000000000000000000000000000000000000000000000000000005f5e100
58263565,2024-06-17 08:38:18,0x42567a2940c78a20d77f62ac46039d7334d9b60b57186cf41750f8361cea2ca8,26,108,"['0x804c9b842b2748a22bb64b345453a3de7ca54a6ca45ce00d415894979e22897a', '0x0000000000000000000000002791bca1f2de4661ed88a30c99a7a9449aa84174']",0x0000000000000000000000000000000000000000002ff6037545db2dcb6a1eea0000000000000000000000000000000000000000005ec9d9228640add70e1e910000000000000000000000000000000000000000004bf8d7b94bf375351a63570000000000000000000000000000000000000000038bee84fb96984dd930ea6f000000000000000000000000000000000000000003b164e410681e6f3fcadb28
58263565,2024-06-17 08:38:18,0x42567a2940c78a20d77f62ac46039d7334d9b60b57186cf41750f8361cea2ca8,26,110,"['0xb3d084820fb1a9decffb176436bd02558d15fac9b0ddfed8c465bc7359d7dce0', '0x0000000000000000000000002791bca1f2de4661ed88a30c99a7a9449aa84174', '0x000000000000000000000000caf744e0f6d8dbd082cf2f86028f2e1abfc7befb', '0x0000000000000000000000000000000000000000000000000000000000000000']",0x0000000000000000000000007211ec72499d0b31a938174c8f287a2bee7289fb00000000000000000000000000000000000000000000000000000009502f900000000000000000000000000000000000000000000000000000000000000000020000000000000000000000000000000000000000004bf8d7b94bf375351a6357
58263569,2024-06-17 08:38:28,0x0c3aba0899deb681bc58d2ad771134c53d60f69b37b44c8a4a0acd92912387a5,16,133,"['0x804c9b842b2748a22bb64b345453a3de7ca54a6ca45ce00d415894979e22897a', '0x0000000000000000000000002791bca1f2de4661ed88a30c99a7a9449aa84174']",0x0000000000000000000000000000000000000000002fdcee0576f36d3e8ca8e10000000000000000000000000000000000000000005ec8d95aeca05ae25e15d20000000000000000000000000000000000000000004be4dc214b6cfa1759b4680000000000000000000000000000000000000000038bee8613a67b23c6f84ef6000000000000000000000000000000000000000003b164e5de57249a2e3ae507
58263569,2024-06-17 08:38:28,0x0c3aba0899deb681bc58d2ad771134c53d60f69b37b44c8a4a0acd92912387a5,16,136,"['0xa534c8dbe71f871f9f3530e97a74601fea17b426cae02e1c5aee42c96c784051', '0x0000000000000000000000002791bca1f2de4661ed88a30c99a7a9449aa84174', '0x000000000000000000000000caf744e0f6d8dbd082cf2f86028f2e1abfc7befb', '0x0000000000000000000000007211ec72499d0b31a938174c8f287a2bee7289fb']",0x00000000000000000000000000000000000000000000000000000006fc23ac000000000000000000000000000000000000000000000000000000000000000000
58263618,2024-06-17 08:40:12,0x0947a42b9a5ab200bb29da149c73f9a4f3ff9955b690b84818aed9ea2d82f4e6,71,308,"['0x804c9b842b2748a22bb64b345453a3de7ca54a6ca45ce00d415894979e22897a', '0x0000000000000000000000002791bca1f2de4661ed88a30c99a7a9449aa84174']",0x0000000000000000000000000000000000000000002fdcf2b1181de93b70da600000000000000000000000000000000000000000005ec8d98b8ca2e2ed7ae1a50000000000000000000000000000000000000000004be4dfedcb9f9af599a0e40000000000000000000000000000000000000000038bee916e58634d5ea4c5a2000000000000000000000000000000000000000003b164f89d83fb1b33628da3
58263618,2024-06-17 08:40:12,0x0947a42b9a5ab200bb29da149c73f9a4f3ff9955b690b84818aed9ea2d82f4e6,71,313,"['0x3115d1449a7b732c986cba18244e897a450f61e1bb8d589cd2e69e6c8924f9f7', '0x0000000000000000000000002791bca1f2de4661ed88a30c99a7a9449aa84174', '0x000000000000000000000000e353f4fef483e9109d4286f9ee3ceb7285501a4b', '0x000000000000000000000000e353f4fef483e9109d4286f9ee3ceb7285501a4b']",0x0000000000000000000000000000000000000000000000000000000001808912
58263621,2024-06-17 08:40:18,0x1b5541a38993060e3480965b22b68bedafc23df6cf62c4882c9967066fca1a99,20,171,"['0x804c9b842b2748a22bb64b345453a3de7ca54a6ca45ce00d415894979e22897a', '0x0000000000000000000000002791bca1f2de4661ed88a30c99a7a9449aa84174']",0x0000000000000000000000000000000000000000002fdce570b3bf0897c3c9a20000000000000000000000000000000000000000005ec8d90457f2bc41f6a31a0000000000000000000000000000000000000000004be4d55daddc958f44be0b0000000000000000000000000000000000000000038bee92160a1bc5ab2ca3dc000000000000000000000000000000000000000003b164f9b2642befa976efeb
58263621,2024-06-17 08:40:18,0x1b5541a38993060e3480965b22b68bedafc23df6cf62c4882c9967066fca1a99,20,174,"['0xa534c8dbe71f871f9f3530e97a74601fea17b426cae02e1c5aee42c96c784051', '0x0000000000000000000000002791bca1f2de4661ed88a30c99a7a9449aa84174', '0x0000000000000000000000004670980ab84caa35b1bbf9e3f3510af62a8db7e0', '0x0000000000000000000000004670980ab84caa35b1bbf9e3f3510af62a8db7e0']",0x0000000000000000000000000000000000000000000000000000000003b280b00000000000000000000000000000000000000000000000000000000000000000
58263801,2024-06-17 08:46:40,0x8ffc010052ddb3d698d03333a2d1059e06d15eed1b0a652ce3d399f2982bf610,26,414,"['0x804c9b842b2748a22bb64b345453a3de7ca54a6ca45ce00d415894979e22897a', '0x0000000000000000000000002791bca1f2de4661ed88a30c99a7a9449aa84174']",0x0000000000000000000000000000000000000000002fdcd927d01847d0da5b040000000000000000000000000000000000000000005ec8d8869b230a7a51e3d20000000000000000000000000000000000000000004be4cb8aeda2b1f665cc720000000000000000000000000000000000000000038beebbca86cd73ec856d35000000000000000000000000000000000000000003b1653e8e1e9cb7a990b30f
58263801,2024-06-17 08:46:40,0x8ffc010052ddb3d698d03333a2d1059e06d15eed1b0a652ce3d399f2982bf610,26,417,"['0xa534c8dbe71f871f9f3530e97a74601fea17b426cae02e1c5aee42c96c784051', '0x0000000000000000000000002791bca1f2de4661ed88a30c99a7a9449aa84174', '0x0000000000000000000000004670980ab84caa35b1bbf9e3f3510af62a8db7e0', '0x0000000000000000000000004670980ab84caa35b1bbf9e3f3510af62a8db7e0']",0x0000000000000000000000000000000000000000000000000000000003c14dc00000000000000000000000000000000000000000000000000000000000000000
58264015,2024-06-17 08:54:14,0x25f973cd75407932099d7f415d1e4ed6b3b5e440336886e5abc67e96d7d01236,14,174,"['0x804c9b842b2748a22bb64b345453a3de7ca54a6ca45ce00d415894979e22897a', '0x0000000000000000000000002791bca1f2de4661ed88a30c99a7a9449aa84174']",0x00000000000000000000000000000000000000000030a7a5ec8e7337e7fc2f410000000000000000000000000000000000000000005ed117824566871d6891360000000000000000000000000000000000000000004c89b7343ae86eb42b583b0000000000000000000000000000000000000000038beeed5b4b8728570295da000000000000000000000000000000000000000003b165906455f1fa4c17c69d
58264015,2024-06-17 08:54:14,0x25f973cd75407932099d7f415d1e4ed6b3b5e440336886e5abc67e96d7d01236,14,179,"['0x3115d1449a7b732c986cba18244e897a450f61e1bb8d589cd2e69e6c8924f9f7', '0x0000000000000000000000002791bca1f2de4661ed88a30c99a7a9449aa84174', '0x0000000000000000000000008290fda77c43437ab141d02ebc05f95bdd96e182', '0x0000000000000000000000008290fda77c43437ab141d02ebc05f95bdd96e182']",0x000000000000000000000000000000000000000000000000000000453901ec77
58264015,2024-06-17 08:54:14,0x25f973cd75407932099d7f415d1e4ed6b3b5e440336886e5abc67e96d7d01236,14,197,"['0x804c9b842b2748a22bb64b345453a3de7ca54a6ca45ce00d415894979e22897a', '0x0000000000000000000000002791bca1f2de4661ed88a30c99a7a9449aa84174']",0x0000000000000000000000000000000000000000002fdc811b61062b9f10deae0000000000000000000000000000000000000000005ec8d4ed7aa1ee44d11bac0000000000000000000000000000000000000000004be48394638c7dc85629770000000000000000000000000000000000000000038beeed5b4b8728570295da000000000000000000000000000000000000000003b165906455f1fa4c17c69d
58264015,2024-06-17 08:54:14,0x25f973cd75407932099d7f415d1e4ed6b3b5e440336886e5abc67e96d7d01236,14,203,"['0x2b627736bca15cd5381dcf80b0bf11fd197d01a037c52b927a881a10fb73ba61', '0x0000000000000000000000002791bca1f2de4661ed88a30c99a7a9449aa84174', '0x0000000000000000000000008290fda77c43437ab141d02ebc05f95bdd96e182', '0x0000000000000000000000000000000000000000000000000000000000000000']",0x0000000000000000000000008290fda77c43437ab141d02ebc05f95bdd96e1820000000000000000000000000000000000000000000000000000004557eeddac
58264129,2024-06-17 08:58:18,0x857479985b02232011dfad57e3050d2159f2f9310aa47d5cdf87c90e2c373b2b,74,535,"['0x804c9b842b2748a22bb64b345453a3de7ca54a6ca45ce00d415894979e22897a', '0x0000000000000000000000002791bca1f2de4661ed88a30c99a7a9449aa84174']",0x0000000000000000000000000000000000000000002fdc6c14a97cf8f233904c0000000000000000000000000000000000000000005ec8d416b26b2a8ee379670000000000000000000000000000000000000000004be472ccbf453391c57c0a0000000000000000000000000000000000000000038bef07fe9fa50f17f51d43000000000000000000000000000000000000000003b165bc5fc5933f871b9b68
58264129,2024-06-17 08:58:18,0x857479985b02232011dfad57e3050d2159f2f9310aa47d5cdf87c90e2c373b2b,74,538,"['0xa534c8dbe71f871f9f3530e97a74601fea17b426cae02e1c5aee42c96c784051', '0x0000000000000000000000002791bca1f2de4661ed88a30c99a7a9449aa84174', '0x0000000000000000000000002a69612e5d055d09aac53aa29268533a74289a48', '0x0000000000000000000000002a69612e5d055d09aac53aa29268533a74289a48']",0x0000000000000000000000000000000000000000000000000000000006121b900000000000000000000000000000000000000000000000000000000000000000
58264323,2024-06-17 09:05:10,0x1711a518f6e47538682c26d71d70a2a7e7e927b2c75527a0fbe87658312bb292,58,314,"['0x804c9b842b2748a22bb64b345453a3de7ca54a6ca45ce00d415894979e22897a', '0x0000000000000000000000002791bca1f2de4661ed88a30c99a7a9449aa84174']",0x0000000000000000000000000000000000000000002fdd088f2d8ce639968c670000000000000000000000000000000000000000005ec8da7979b1c36e982a9f0000000000000000000000000000000000000000004be4f28450c9250be354630000000000000000000000000000000000000000038bef34f927d3f197d7adf4000000000000000000000000000000000000000003b16606a38f7848ed7d7cd3
58264323,2024-06-17 09:05:10,0x1711a518f6e47538682c26d71d70a2a7e7e927b2c75527a0fbe87658312bb292,58,318,"['0x3115d1449a7b732c986cba18244e897a450f61e1bb8d589cd2e69e6c8924f9f7', '0x0000000000000000000000002791bca1f2de4661ed88a30c99a7a9449aa84174', '0x0000000000000000000000009c09430a4698479a442194603429c6d6f6f8462c', '0x0000000000000000000000009e9c0c1ae6045147dca6a8950db05dff5a3c0ed1']",0x0000000000000000000000000000000000000000000000000000000035a4e900
58264596,2024-06-17 09:14:50,0xe7eb53a8964ad16274c06647256e97bf7f7b2fbde207282857fe94437b471cab,70,262,"['0x804c9b842b2748a22bb64b345453a3de7ca54a6ca45ce00d415894979e22897a', '0x0000000000000000000000002791bca1f2de4661ed88a30c99a7a9449aa84174']",0x0000000000000000000000000000000000000000002fdd0cc8ec2e848a7226560000000000000000000000000000000000000000005ec8daa4943f4873f037960000000000000000000000000000000000000000004be4f5e263d78976c457cb0000000000000000000000000000000000000000038bef744bc1277b777a238d000000000000000000000000000000000000000003b1666f30746e3b17e2f26c
58264596,2024-06-17 09:14:50,0xe7eb53a8964ad16274c06647256e97bf7f7b2fbde207282857fe94437b471cab,70,266,"['0x3115d1449a7b732c986cba18244e897a450f61e1bb8d589cd2e69e6c8924f9f7', '0x0000000000000000000000002791bca1f2de4661ed88a30c99a7a9449aa84174', '0x000000000000000000000000b7d86447d9b93ff2e44ca94f2c72cef643a87ddb', '0x000000000000000000000000b7d86447d9b93ff2e44ca94f2c72cef643a87ddb']",0x0000000000000000000000000000000000000000000000000000000000d59f80
58264605,2024-06-17 09:15:08,0x17d1abeb304a384c65f3f8a6557a6945b8597fe0a9e61468244d8d7a2716b177,9,66,"['0x804c9b842b2748a22bb64b345453a3de7ca54a6ca45ce00d415894979e22897a', '0x0000000000000000000000002791bca1f2de4661ed88a30c99a7a9449aa84174']",0x0000000000000000000000000000000000000000002fc3fe3fc9386108ea15fd0000000000000000000000000000000000000000005ec7dadcc70aed3b430e110000000000000000000000000000000000000000004bd0fa465bc069093d19470000000000000000000000000000000000000000038bef7642d7e0dbfcc1e8c6000000000000000000000000000000000000000003b166726f173b113b4c1bd7
58264605,2024-06-17 09:15:08,0x17d1abeb304a384c65f3f8a6557a6945b8597fe0a9e61468244d8d7a2716b177,9,69,"['0xa534c8dbe71f871f9f3530e97a74601fea17b426cae02e1c5aee42c96c784051', '0x0000000000000000000000002791bca1f2de4661ed88a30c99a7a9449aa84174', '0x000000000000000000000000caf744e0f6d8dbd082cf2f86028f2e1abfc7befb', '0x0000000000000000000000007211ec72499d0b31a938174c8f287a2bee7289fb']",0x00000000000000000000000000000000000000000000000000000006fc23ac000000000000000000000000000000000000000000000000000000000000000000
58264862,2024-06-17 09:24:14,0x4ace0c2ec72ad1956232ee7cc58bdff3217dad597dff8fb5d4e3584de181a6f4,18,136,"['0x804c9b842b2748a22bb64b345453a3de7ca54a6ca45ce00d415894979e22897a', '0x0000000000000000000000002791bca1f2de4661ed88a30c99a7a9449aa84174']",0x000000000000000000000000000000000000000000308ebaea9746815e7021da0000000000000000000000000000000000000000005ed01b6fe8882d3623a46f0000000000000000000000000000000000000000004c7605c4f98968a2c8d8a50000000000000000000000000000000000000000038befb1bfff1833b8013652000000000000000000000000000000000000000003b166d4c12766960e2cd7a9
58264862,2024-06-17 09:24:14,0x4ace0c2ec72ad1956232ee7cc58bdff3217dad597dff8fb5d4e3584de181a6f4,18,141,"['0x3115d1449a7b732c986cba18244e897a450f61e1bb8d589cd2e69e6c8924f9f7', '0x0000000000000000000000002791bca1f2de4661ed88a30c99a7a9449aa84174', '0x0000000000000000000000008290fda77c43437ab141d02ebc05f95bdd96e182', '0x0000000000000000000000008290fda77c43437ab141d02ebc05f95bdd96e182']",0x0000000000000000000000000000000000000000000000000000004557fddd8f
58264862,2024-06-17 09:24:14,0x4ace0c2ec72ad1956232ee7cc58bdff3217dad597dff8fb5d4e3584de181a6f4,18,155,"['0x804c9b842b2748a22bb64b345453a3de7ca54a6ca45ce00d415894979e22897a', '0x0000000000000000000000002791bca1f2de4661ed88a30c99a7a9449aa84174']",0x0000000000000000000000000000000000000000002fc394d3d3d3ca9c26d1f70000000000000000000000000000000000000000005ec7d68cb7771f34ed20f30000000000000000000000000000000000000000004bd0a4052434508a8692f90000000000000000000000000000000000000000038befb1bfff1833b8013652000000000000000000000000000000000000000003b166d4c12766960e2cd7a9
58264862,2024-06-17 09:24:14,0x4ace0c2ec72ad1956232ee7cc58bdff3217dad597dff8fb5d4e3584de181a6f4,18,161,"['0x2b627736bca15cd5381dcf80b0bf11fd197d01a037c52b927a881a10fb73ba61', '0x0000000000000000000000002791bca1f2de4661ed88a30c99a7a9449aa84174', '0x0000000000000000000000008290fda77c43437ab141d02ebc05f95bdd96e182', '0x0000000000000000000000000000000000000000000000000000000000000000']",0x0000000000000000000000008290fda77c43437ab141d02ebc05f95bdd96e182000000000000000000000000000000000000000000000000000000457d199f8a
58265416,2024-06-17 09:43:52,0x19e983df8f5480d68c61e3de6f0b3d79f51fb662030da528b4be4cad7c7d88ef,72,835,"['0x804c9b842b2748a22bb64b345453a3de7ca54a6ca45ce00d415894979e22897a', '0x0000000000000000000000002791bca1f2de4661ed88a30c99a7a9449aa84174']",0x0000000000000000000000000000000000000000002fc39ffdad90bb00269f830000000000000000000000000000000000000000005ec7d6fd823cff3c52d97f0000000000000000000000000000000000000000004bd0acd4fba9d11e78fded0000000000000000000000000000000000000000038bf03217f5d2abc48ef203000000000000000000000000000000000000000003b167a8e0fd305756454fa4
58265416,2024-06-17 09:43:52,0x19e983df8f5480d68c61e3de6f0b3d79f51fb662030da528b4be4cad7c7d88ef,72,837,"['0xb3d084820fb1a9decffb176436bd02558d15fac9b0ddfed8c465bc7359d7dce0', '0x0000000000000000000000002791bca1f2de4661ed88a30c99a7a9449aa84174', '0x00000000000000000000000093b40541784192db203c4c3abdb97275b2c082ca', '0x0000000000000000000000000000000000000000000000000000000000000000']",0x00000000000000000000000093b40541784192db203c4c3abdb97275b2c082ca0000000000000000000000000000000000000000000000000000000002160ec000000000000000000000000000000000000000000000000000000000000000020000000000000000000000000000000000000000004bd0acd4fba9d11e78fded
58265424,2024-06-17 09:44:10,0x8e3d9151fe3fdcc8f0d64704c467aa374cb7284dae9b7945a05aba27f71c0829,168,2510,"['0x804c9b842b2748a22bb64b345453a3de7ca54a6ca45ce00d415894979e22897a', '0x0000000000000000000000002791bca1f2de4661ed88a30c99a7a9449aa84174']",0x0000000000000000000000000000000000000000002fc3aabb6663fa6fcfafee0000000000000000000000000000000000000000005ec7d76b324e3b27c666020000000000000000000000000000000000000000004bd0b566bd027f837ff81f0000000000000000000000000000000000000000038bf0340e01b7a3cb47277d000000000000000000000000000000000000000003b167ac1ec30c751be76a59
58265424,2024-06-17 09:44:10,0x8e3d9151fe3fdcc8f0d64704c467aa374cb7284dae9b7945a05aba27f71c0829,168,2512,"['0xb3d084820fb1a9decffb176436bd02558d15fac9b0ddfed8c465bc7359d7dce0', '0x0000000000000000000000002791bca1f2de4661ed88a30c99a7a9449aa84174', '0x000000000000000000000000dff3371028d1c6791fce6fe6712c8fb6ff16e857', '0x0000000000000000000000000000000000000000000000000000000000000000']",0x000000000000000000000000dff3371028d1c6791fce6fe6712c8fb6ff16e8570000000000000000000000000000000000000000000000000000000002faf08000000000000000000000000000000000000000000000000000000000000000020000000000000000000000000000000000000000004bd0b566bd027f837ff81f
58265489,2024-06-17 09:46:28,0x51e1d0065c9c824c7b3f27d62ad4563dcd1333e2d9770f8e5d91eb236cc74302,146,781,"['0x804c9b842b2748a22bb64b345453a3de7ca54a6ca45ce00d415894979e22897a', '0x0000000000000000000000002791bca1f2de4661ed88a30c99a7a9449aa84174']",0x0000000000000000000000000000000000000000002fc3ab27a3a1834cf69a240000000000000000000000000000000000000000005ec7d76f5e6b130fefc2750000000000000000000000000000000000000000004bd0b5ba2f435da6bb31190000000000000000000000000000000000000000038bf043170afcf1040c4f34000000000000000000000000000000000000000003b167c4f85dd193b269e3c6
58265489,2024-06-17 09:46:28,0x51e1d0065c9c824c7b3f27d62ad4563dcd1333e2d9770f8e5d91eb236cc74302,146,787,"['0x2b627736bca15cd5381dcf80b0bf11fd197d01a037c52b927a881a10fb73ba61', '0x0000000000000000000000002791bca1f2de4661ed88a30c99a7a9449aa84174', '0x00000000000000000000000017ac2eb2063046d4a5b349bf0d09e16134d5901c', '0x0000000000000000000000000000000000000000000000000000000000000000']",0x00000000000000000000000017ac2eb2063046d4a5b349bf0d09e16134d5901c000000000000000000000000000000000000000000000000000000000000c738
58265564,2024-06-17 09:49:06,0xe025be70bddd269511b25d6cfff2e25f31e7a33cbe9e705d9fcd7d1288b940d3,62,344,"['0x804c9b842b2748a22bb64b345453a3de7ca54a6ca45ce00d415894979e22897a', '0x0000000000000000000000002791bca1f2de4661ed88a30c99a7a9449aa84174']",0x0000000000000000000000000000000000000000002fc3c104c5583e11f2215e0000000000000000000000000000000000000000005ec7d84e83916fc73a873f0000000000000000000000000000000000000000004bd0c72916429bf89290ec0000000000000000000000000000000000000000038bf0544de9849f056a8c28000000000000000000000000000000000000000003b167e16bf24325fb3d44be
58265564,2024-06-17 09:49:06,0xe025be70bddd269511b25d6cfff2e25f31e7a33cbe9e705d9fcd7d1288b940d3,62,346,"['0xb3d084820fb1a9decffb176436bd02558d15fac9b0ddfed8c465bc7359d7dce0', '0x0000000000000000000000002791bca1f2de4661ed88a30c99a7a9449aa84174', '0x0000000000000000000000000a7972db76bef61f7a474cb1fdd7ed5267637b0f', '0x0000000000000000000000000000000000000000000000000000000000000000']",0x0000000000000000000000000a7972db76bef61f7a474cb1fdd7ed5267637b0f0000000000000000000000000000000000000000000000000000000005f5e10000000000000000000000000000000000000000000000000000000000000000020000000000000000000000000000000000000000004bd0c72916429bf89290ec
58265709,2024-06-17 09:54:14,0x15f28a25096181224941599acce66ef2d0aaddec407ff1bf536e77a657919505,31,120,"['0x804c9b842b2748a22bb64b345453a3de7ca54a6ca45ce00d415894979e22897a', '0x0000000000000000000000002791bca1f2de4661ed88a30c99a7a9449aa84174']",0x000000000000000000000000000000000000000000308ee8cd54b208c9233e360000000000000000000000000000000000000000005ed01d3eaf6ed9aa2b5b770000000000000000000000000000000000000000004c7629ec838ee1b363255e0000000000000000000000000000000000000000038bf075dc949fb8e21afd5f000000000000000000000000000000000000000003b16818e2606aedc8df1778
58265709,2024-06-17 09:54:14,0x15f28a25096181224941599acce66ef2d0aaddec407ff1bf536e77a657919505,31,125,"['0x3115d1449a7b732c986cba18244e897a450f61e1bb8d589cd2e69e6c8924f9f7', '0x0000000000000000000000002791bca1f2de4661ed88a30c99a7a9449aa84174', '0x0000000000000000000000008290fda77c43437ab141d02ebc05f95bdd96e182', '0x0000000000000000000000008290fda77c43437ab141d02ebc05f95bdd96e182']",0x000000000000000000000000000000000000000000000000000000457d28a1f0
58265709,2024-06-17 09:54:14,0x15f28a25096181224941599acce66ef2d0aaddec407ff1bf536e77a657919505,31,139,"['0x804c9b842b2748a22bb64b345453a3de7ca54a6ca45ce00d415894979e22897a', '0x0000000000000000000000002791bca1f2de4661ed88a30c99a7a9449aa84174']",0x0000000000000000000000000000000000000000002fc3c09afd417c7ea2910e0000000000000000000000000000000000000000005ec7d849a0eab39b6738270000000000000000000000000000000000000000004bd0c6c7613be88c1063150000000000000000000000000000000000000000038bf075dc949fb8e21afd5f000000000000000000000000000000000000000003b16818e2606aedc8df1778
58265709,2024-06-17 09:54:14,0x15f28a25096181224941599acce66ef2d0aaddec407ff1bf536e77a657919505,31,145,"['0x2b627736bca15cd5381dcf80b0bf11fd197d01a037c52b927a881a10fb73ba61', '0x0000000000000000000000002791bca1f2de4661ed88a30c99a7a9449aa84174', '0x0000000000000000000000008290fda77c43437ab141d02ebc05f95bdd96e182', '0x0000000000000000000000000000000000000000000000000000000000000000']",0x0000000000000000000000008290fda77c43437ab141d02ebc05f95bdd96e182000000000000000000000000000000000000000000000000000000457da2b13c
58265811,2024-06-17 09:57:52,0xb717f749bf952a22dfcee51f39d8ac9bf862e3ed1b34116838a492b25eaf6ba9,206,495,"['0x804c9b842b2748a22bb64b345453a3de7ca54a6ca45ce00d415894979e22897a', '0x0000000000000000000000002791bca1f2de4661ed88a30c99a7a9449aa84174']",0x0000000000000000000000000000000000000000002fc442584304636043c0890000000000000000000000000000000000000000005ec7dd96ba232ba1c5eb170000000000000000000000000000000000000000004bd130cd59a5490b765dc10000000000000000000000000000000000000000038bf08d9cfdc7c2db7fcb0a000000000000000000000000000000000000000003b1684023ebff731cd0591d
58265811,2024-06-17 09:57:52,0xb717f749bf952a22dfcee51f39d8ac9bf862e3ed1b34116838a492b25eaf6ba9,206,499,"['0x3115d1449a7b732c986cba18244e897a450f61e1bb8d589cd2e69e6c8924f9f7', '0x0000000000000000000000002791bca1f2de4661ed88a30c99a7a9449aa84174', '0x00000000000000000000000068debbd7856d79fd15d76cb780d6e58c0c3c9445', '0x00000000000000000000000068debbd7856d79fd15d76cb780d6e58c0c3c9445']",0x000000000000000000000000000000000000000000000000000000002cb41780
58265844,2024-06-17 09:59:02,0xbf9a2ef805dea0d8b9f661c43a41372e47199a9f23a656b2f5cfd926ecc7e68b,85,430,"['0x804c9b842b2748a22bb64b345453a3de7ca54a6ca45ce00d415894979e22897a', '0x0000000000000000000000002791bca1f2de4661ed88a30c99a7a9449aa84174']",0x0000000000000000000000000000000000000000002fc44bb9dd174a611facb50000000000000000000000000000000000000000005ec7ddf8c1bf389bf322940000000000000000000000000000000000000000004bd13875f1d64c96feb38a0000000000000000000000000000000000000000038bf0953d7f9e0858138cfe000000000000000000000000000000000000000003b1684cbee9076a0cc15b06
58265844,2024-06-17 09:59:02,0xbf9a2ef805dea0d8b9f661c43a41372e47199a9f23a656b2f5cfd926ecc7e68b,85,435,"['0x3115d1449a7b732c986cba18244e897a450f61e1bb8d589cd2e69e6c8924f9f7', '0x0000000000000000000000002791bca1f2de4661ed88a30c99a7a9449aa84174', '0x00000000000000000000000075954ee4d100e75141752e9b18a6962cb33b0091', '0x00000000000000000000000075954ee4d100e75141752e9b18a6962cb33b0091']",0x00000000000000000000000000000000000000000000000000000000032c6ff3
58265852,2024-06-17 09:59:18,0x71d69fedce8bf1b54bbb318851f9942a2c078c9fd45295e1c607cae1e4bfa0cb,77,263,"['0x804c9b842b2748a22bb64b345453a3de7ca54a6ca45ce00d415894979e22897a', '0x0000000000000000000000002791bca1f2de4661ed88a30c99a7a9449aa84174']",0x0000000000000000000000000000000000000000002fc48206459688db0189710000000000000000000000000000000000000000005ec7e030db77c8ad6880810000000000000000000000000000000000000000004bd164d7f4418df42a0a130000000000000000000000000000000000000000038bf096fbc9897e4ff62e2e000000000000000000000000000000000000000003b1684fa08243d7324908f7
58265852,2024-06-17 09:59:18,0x71d69fedce8bf1b54bbb318851f9942a2c078c9fd45295e1c607cae1e4bfa0cb,77,267,"['0x3115d1449a7b732c986cba18244e897a450f61e1bb8d589cd2e69e6c8924f9f7', '0x0000000000000000000000002791bca1f2de4661ed88a30c99a7a9449aa84174', '0x000000000000000000000000593b093b342877604b7383926c0e5afde3473553', '0x000000000000000000000000593b093b342877604b7383926c0e5afde3473553']",0x0000000000000000000000000000000000000000000000000000000012ca34cc
58265949,2024-06-17 10:02:44,0x381eae2f6409ae4ded00b7f538f1c771f714977d8eea144fc15640c8f4614a7b,106,464,"['0x804c9b842b2748a22bb64b345453a3de7ca54a6ca45ce00d415894979e22897a', '0x0000000000000000000000002791bca1f2de4661ed88a30c99a7a9449aa84174']",0x0000000000000000000000000000000000000000002fc60a1e75fcfb82cc2f2b0000000000000000000000000000000000000000005ec7f036dabc15589a32f20000000000000000000000000000000000000000004bd2a54fe5978b540bfadf0000000000000000000000000000000000000000038bf0ad6ddacfc33fea142b000000000000000000000000000000000000000003b16874b92dadd84821f0f2
58265949,2024-06-17 10:02:44,0x381eae2f6409ae4ded00b7f538f1c771f714977d8eea144fc15640c8f4614a7b,106,468,"['0x3115d1449a7b732c986cba18244e897a450f61e1bb8d589cd2e69e6c8924f9f7', '0x0000000000000000000000002791bca1f2de4661ed88a30c99a7a9449aa84174', '0x000000000000000000000000ccf5c404d32eb6e777088ab13837a1b8dcba9328', '0x000000000000000000000000ccf5c404d32eb6e777088ab13837a1b8dcba9328']",0x0000000000000000000000000000000000000000000000000000000087921be6
58266003,2024-06-17 10:04:40,0xc22b0a1b0153ab7f43d48c7eeb9c358bd1e19a52257f757e00978135f0da4d23,34,109,"['0x804c9b842b2748a22bb64b345453a3de7ca54a6ca45ce00d415894979e22897a', '0x0000000000000000000000002791bca1f2de4661ed88a30c99a7a9449aa84174']",0x0000000000000000000000000000000000000000002fad01d450adb49a5d2b9f0000000000000000000000000000000000000000005ec6f06d67eca408f855e90000000000000000000000000000000000000000004bbea992ed62b11b66b63f0000000000000000000000000000000000000000038bf0ba11e92e86f4acae0c000000000000000000000000000000000000000003b168899d2a3ef0316e1c82
58266003,2024-06-17 10:04:40,0xc22b0a1b0153ab7f43d48c7eeb9c358bd1e19a52257f757e00978135f0da4d23,34,112,"['0xa534c8dbe71f871f9f3530e97a74601fea17b426cae02e1c5aee42c96c784051', '0x0000000000000000000000002791bca1f2de4661ed88a30c99a7a9449aa84174', '0x000000000000000000000000caf744e0f6d8dbd082cf2f86028f2e1abfc7befb', '0x0000000000000000000000007211ec72499d0b31a938174c8f287a2bee7289fb']",0x00000000000000000000000000000000000000000000000000000006fc23ac000000000000000000000000000000000000000000000000000000000000000000
58266249,2024-06-17 10:13:22,0x762ceb9c81d18d81a977ef2d0e11d2ae74b61737da0902bf785e7ca357b0c0a6,70,314,"['0x804c9b842b2748a22bb64b345453a3de7ca54a6ca45ce00d415894979e22897a', '0x0000000000000000000000002791bca1f2de4661ed88a30c99a7a9449aa84174']",0x0000000000000000000000000000000000000000002fad17fd88b3df3617b4240000000000000000000000000000000000000000005ec6f154906d0f85c16acf0000000000000000000000000000000000000000004bbebba2176b16db1c58210000000000000000000000000000000000000000038bf0f2d65c51045e515cb0000000000000000000000000000000000000000003b168e78659d7a0da702e9f
58266249,2024-06-17 10:13:22,0x762ceb9c81d18d81a977ef2d0e11d2ae74b61737da0902bf785e7ca357b0c0a6,70,318,"['0x3115d1449a7b732c986cba18244e897a450f61e1bb8d589cd2e69e6c8924f9f7', '0x0000000000000000000000002791bca1f2de4661ed88a30c99a7a9449aa84174', '0x000000000000000000000000db92b89ca415c0dab40dc96e99fc411c08f20780', '0x000000000000000000000000db92b89ca415c0dab40dc96e99fc411c08f20780']",0x00000000000000000000000000000000000000000000000000000000071f8cc3
58266287,2024-06-17 10:14:42,0x0c94e57bcf99c66d76d27a23bced227536849cac4a84be047a41ec3f8a14961c,90,423,"['0x804c9b842b2748a22bb64b345453a3de7ca54a6ca45ce00d415894979e22897a', '0x0000000000000000000000002791bca1f2de4661ed88a30c99a7a9449aa84174']",0x0000000000000000000000000000000000000000002fadc40e8c7bfaeb60a2e90000000000000000000000000000000000000000005ec6f85e8f3e737da0ce270000000000000000000000000000000000000000004bbf4869ffc6e638901b0b0000000000000000000000000000000000000000038bf0fb8992eadac51bf5dd000000000000000000000000000000000000000003b168f5ead72ba09535d6d1
58266287,2024-06-17 10:14:42,0x0c94e57bcf99c66d76d27a23bced227536849cac4a84be047a41ec3f8a14961c,90,428,"['0x3115d1449a7b732c986cba18244e897a450f61e1bb8d589cd2e69e6c8924f9f7', '0x0000000000000000000000002791bca1f2de4661ed88a30c99a7a9449aa84174', '0x000000000000000000000000144a3cfc685ced2e4901478929fd952df82aab42', '0x000000000000000000000000144a3cfc685ced2e4901478929fd952df82aab42']",0x000000000000000000000000000000000000000000000000000000003b9f33ee
58266412,2024-06-17 10:19:08,0x5a6e911333f9b6078ff7f3e9f63e230202843c38a136ccffbcc18d016bf5b793,82,361,"['0x804c9b842b2748a22bb64b345453a3de7ca54a6ca45ce00d415894979e22897a', '0x0000000000000000000000002791bca1f2de4661ed88a30c99a7a9449aa84174']",0x0000000000000000000000000000000000000000002fadcc3517120606c584630000000000000000000000000000000000000000005ec6f8b37085f87dcf1ed70000000000000000000000000000000000000000004bbf4f0b995d4a3c2e68c90000000000000000000000000000000000000000038bf11877778b6cfefb2c25000000000000000000000000000000000000000003b16925c61f34d0d0a01932
58266412,2024-06-17 10:19:08,0x5a6e911333f9b6078ff7f3e9f63e230202843c38a136ccffbcc18d016bf5b793,82,365,"['0x3115d1449a7b732c986cba18244e897a450f61e1bb8d589cd2e69e6c8924f9f7', '0x0000000000000000000000002791bca1f2de4661ed88a30c99a7a9449aa84174', '0x000000000000000000000000db92b89ca415c0dab40dc96e99fc411c08f20780', '0x000000000000000000000000db92b89ca415c0dab40dc96e99fc411c08f20780']",0x00000000000000000000000000000000000000000000000000000000028a08f5
58266451,2024-06-17 10:20:32,0x409b4428866b8a5755c8fce8f822c50a274fcb5d8567f5ed08c23f1b2ee1c587,18,75,"['0x804c9b842b2748a22bb64b345453a3de7ca54a6ca45ce00d415894979e22897a', '0x0000000000000000000000002791bca1f2de4661ed88a30c99a7a9449aa84174']",0x0000000000000000000000000000000000000000002fae7a69f6bdc50bc4bff60000000000000000000000000000000000000000005ec6ffd3c9ef86221ebd840000000000000000000000000000000000000000004bbfdd92959c5b1266ce600000000000000000000000000000000000000000038bf1219a2d628cadfdcb81000000000000000000000000000000000000000003b16934e2f46991c9673cb5
58266451,2024-06-17 10:20:32,0x409b4428866b8a5755c8fce8f822c50a274fcb5d8567f5ed08c23f1b2ee1c587,18,79,"['0x3115d1449a7b732c986cba18244e897a450f61e1bb8d589cd2e69e6c8924f9f7', '0x0000000000000000000000002791bca1f2de4661ed88a30c99a7a9449aa84174', '0x000000000000000000000000db92b89ca415c0dab40dc96e99fc411c08f20780', '0x000000000000000000000000db92b89ca415c0dab40dc96e99fc411c08f20780']",0x000000000000000000000000000000000000000000000000000000003c5ad8f2
58266495,2024-06-17 10:22:04,0xe620531fd08f410e67a50a335f858c88ad02bf7f309ed18bb76888776433bdef,118,483,"['0x804c9b842b2748a22bb64b345453a3de7ca54a6ca45ce00d415894979e22897a', '0x0000000000000000000000002791bca1f2de4661ed88a30c99a7a9449aa84174']",0x0000000000000000000000000000000000000000002fae7ac9b17a688aa9b54b0000000000000000000000000000000000000000005ec6ffd789aeb742becf190000000000000000000000000000000000000000004bbfdddd908c319ee82ded0000000000000000000000000000000000000000038bf12b9bc3de6ba45f9d63000000000000000000000000000000000000000003b16945705ede81170a3462
58266495,2024-06-17 10:22:04,0xe620531fd08f410e67a50a335f858c88ad02bf7f309ed18bb76888776433bdef,118,487,"['0x3115d1449a7b732c986cba18244e897a450f61e1bb8d589cd2e69e6c8924f9f7', '0x0000000000000000000000002791bca1f2de4661ed88a30c99a7a9449aa84174', '0x000000000000000000000000db92b89ca415c0dab40dc96e99fc411c08f20780', '0x000000000000000000000000db92b89ca415c0dab40dc96e99fc411c08f20780']",0x000000000000000000000000000000000000000000000000000000000007a120
58266511,2024-06-17 10:22:38,0x7786f15f02165a31a354267159b1fea6a1991a34d6e4d6ec62fea41c89a3b46c,39,160,"['0x804c9b842b2748a22bb64b345453a3de7ca54a6ca45ce00d415894979e22897a', '0x0000000000000000000000002791bca1f2de4661ed88a30c99a7a9449aa84174']",0x0000000000000000000000000000000000000000002fadd33877aaafd2b1ee860000000000000000000000000000000000000000005ec6f8fc8260a4c4f3ea310000000000000000000000000000000000000000004bbf54c0fe72bfcb0e4bcd0000000000000000000000000000000000000000038bf12f4e706bf82225fe84000000000000000000000000000000000000000003b1694b8e5f5a33a6ef9593
58266511,2024-06-17 10:22:38,0x7786f15f02165a31a354267159b1fea6a1991a34d6e4d6ec62fea41c89a3b46c,39,166,"['0x2b627736bca15cd5381dcf80b0bf11fd197d01a037c52b927a881a10fb73ba61', '0x0000000000000000000000002791bca1f2de4661ed88a30c99a7a9449aa84174', '0x000000000000000000000000d911c34f2acf2fb1a31a015f310d8c5ad430fbd1', '0x0000000000000000000000000000000000000000000000000000000000000000']",0x000000000000000000000000d911c34f2acf2fb1a31a015f310d8c5ad430fbd1000000000000000000000000000000000000000000000000000000003a2de6bb
58266529,2024-06-17 10:23:18,0x1ecbaeb695c4fa6135b50774b90b47fd398dc6fc281aeab502ae9af1afaddf40,109,471,"['0x804c9b842b2748a22bb64b345453a3de7ca54a6ca45ce00d415894979e22897a', '0x0000000000000000000000002791bca1f2de4661ed88a30c99a7a9449aa84174']",0x0000000000000000000000000000000000000000002fadda37810978bde58eb80000000000000000000000000000000000000000005ec6f945b5e45e2dd583d00000000000000000000000000000000000000000004bbf5a7904bd3bfcae4c480000000000000000000000000000000000000000038bf133a81d1854f148c15e000000000000000000000000000000000000000003b16952c0ad4c4485c1ed90
58266529,2024-06-17 10:23:18,0x1ecbaeb695c4fa6135b50774b90b47fd398dc6fc281aeab502ae9af1afaddf40,109,475,"['0x3115d1449a7b732c986cba18244e897a450f61e1bb8d589cd2e69e6c8924f9f7', '0x0000000000000000000000002791bca1f2de4661ed88a30c99a7a9449aa84174', '0x000000000000000000000000b7d86447d9b93ff2e44ca94f2c72cef643a87ddb', '0x000000000000000000000000b7d86447d9b93ff2e44ca94f2c72cef643a87ddb']",0x0000000000000000000000000000000000000000000000000000000002625a00
58266556,2024-06-17 10:24:14,0x088fbb6b566c3898cc1986a6f60023e723812fe97aa69b1daeafdd989c8c9a72,24,85,"['0x804c9b842b2748a22bb64b345453a3de7ca54a6ca45ce00d415894979e22897a', '0x0000000000000000000000002791bca1f2de4661ed88a30c99a7a9449aa84174']",0x0000000000000000000000000000000000000000003078a949245aa5c43228900000000000000000000000000000000000000000005ecf3c9d315e150b996f760000000000000000000000000000000000000000004c649d4eaa3f854ffcb5300000000000000000000000000000000000000000038bf139bf42f5e48ba9890a000000000000000000000000000000000000000003b1695cd3e8130c6e19d500
58266556,2024-06-17 10:24:14,0x088fbb6b566c3898cc1986a6f60023e723812fe97aa69b1daeafdd989c8c9a72,24,90,"['0x3115d1449a7b732c986cba18244e897a450f61e1bb8d589cd2e69e6c8924f9f7', '0x0000000000000000000000002791bca1f2de4661ed88a30c99a7a9449aa84174', '0x0000000000000000000000008290fda77c43437ab141d02ebc05f95bdd96e182', '0x0000000000000000000000008290fda77c43437ab141d02ebc05f95bdd96e182']",0x000000000000000000000000000000000000000000000000000000457db1af4d
58266556,2024-06-17 10:24:14,0x088fbb6b566c3898cc1986a6f60023e723812fe97aa69b1daeafdd989c8c9a72,24,104,"['0x804c9b842b2748a22bb64b345453a3de7ca54a6ca45ce00d415894979e22897a', '0x0000000000000000000000002791bca1f2de4661ed88a30c99a7a9449aa84174']",0x0000000000000000000000000000000000000000002fad7fc2f7e59228e020850000000000000000000000000000000000000000005ec6f5923bedbe606f31d60000000000000000000000000000000000000000004bbf10737d78bff0afe4c10000000000000000000000000000000000000000038bf139bf42f5e48ba9890a000000000000000000000000000000000000000003b1695cd3e8130c6e19d500
58266556,2024-06-17 10:24:14,0x088fbb6b566c3898cc1986a6f60023e723812fe97aa69b1daeafdd989c8c9a72,24,110,"['0x2b627736bca15cd5381dcf80b0bf11fd197d01a037c52b927a881a10fb73ba61', '0x0000000000000000000000002791bca1f2de4661ed88a30c99a7a9449aa84174', '0x0000000000000000000000008290fda77c43437ab141d02ebc05f95bdd96e182', '0x0000000000000000000000000000000000000000000000000000000000000000']",0x0000000000000000000000008290fda77c43437ab141d02ebc05f95bdd96e182000000000000000000000000000000000000000000000000000000459d249436
58266669,2024-06-17 10:28:14,0xe13e8330e3b3c25adeb44a2d25d8b55555eae3bb43bc218045ab66af7a7e3bc4,87,390,"['0x804c9b842b2748a22bb64b345453a3de7ca54a6ca45ce00d415894979e22897a', '0x0000000000000000000000002791bca1f2de4661ed88a30c99a7a9449aa84174']",0x0000000000000000000000000000000000000000002fad82b51cc519eddc28920000000000000000000000000000000000000000005ec6f5b0a6b931d310fe4e0000000000000000000000000000000000000000004bbf12d3d55dc4e553de230000000000000000000000000000000000000000038bf153d9219c6b12bdda15000000000000000000000000000000000000000003b1698801966c4d2ef2be26
58266669,2024-06-17 10:28:14,0xe13e8330e3b3c25adeb44a2d25d8b55555eae3bb43bc218045ab66af7a7e3bc4,87,394,"['0x3115d1449a7b732c986cba18244e897a450f61e1bb8d589cd2e69e6c8924f9f7', '0x0000000000000000000000002791bca1f2de4661ed88a30c99a7a9449aa84174', '0x0000000000000000000000001db49d9871a61101275ea72d9b9498948434af2c', '0x0000000000000000000000001db49d9871a61101275ea72d9b9498948434af2c']",0x0000000000000000000000000000000000000000000000000000000000c2eff3
58266669,2024-06-17 10:28:14,0xe13e8330e3b3c25adeb44a2d25d8b55555eae3bb43bc218045ab66af7a7e3bc4,87,430,"['0x804c9b842b2748a22bb64b345453a3de7ca54a6ca45ce00d415894979e22897a', '0x0000000000000000000000002791bca1f2de4661ed88a30c99a7a9449aa84174']",0x0000000000000000000000000000000000000000002fad86cadb20710ca34a150000000000000000000000000000000000000000005ec6f5db6f4b877cc2bb870000000000000000000000000000000000000000004bbf162b80cc762736a68b0000000000000000000000000000000000000000038bf153d9219c6b12bdda15000000000000000000000000000000000000000003b1698801966c4d2ef2be26
58266669,2024-06-17 10:28:14,0xe13e8330e3b3c25adeb44a2d25d8b55555eae3bb43bc218045ab66af7a7e3bc4,87,434,"['0x3115d1449a7b732c986cba18244e897a450f61e1bb8d589cd2e69e6c8924f9f7', '0x0000000000000000000000002791bca1f2de4661ed88a30c99a7a9449aa84174', '0x0000000000000000000000001db49d9871a61101275ea72d9b9498948434af2c', '0x0000000000000000000000001db49d9871a61101275ea72d9b9498948434af2c']",0x00000000000000000000000000000000000000000000000000000000016ae165
58267402,2024-06-17 10:54:12,0x0cc42953281db0da80ad0fb2b2215bf0c5b974e3f93d1677aaf2cc950f56e01f,15,40,"['0x804c9b842b2748a22bb64b345453a3de7ca54a6ca45ce00d415894979e22897a', '0x0000000000000000000000002791bca1f2de4661ed88a30c99a7a9449aa84174']",0x0000000000000000000000000000000000000000003078b5691ca626f7a8b3410000000000000000000000000000000000000000005ecf3d17ce9aca1a8289120000000000000000000000000000000000000000004c64a6e2f2fdaa7a32b55e0000000000000000000000000000000000000000038bf1fd49b80a89acfb0a39000000000000000000000000000000000000000003b16aa04eab9e6ce6c5cbc3
58267402,2024-06-17 10:54:12,0x0cc42953281db0da80ad0fb2b2215bf0c5b974e3f93d1677aaf2cc950f56e01f,15,45,"['0x3115d1449a7b732c986cba18244e897a450f61e1bb8d589cd2e69e6c8924f9f7', '0x0000000000000000000000002791bca1f2de4661ed88a30c99a7a9449aa84174', '0x0000000000000000000000008290fda77c43437ab141d02ebc05f95bdd96e182', '0x0000000000000000000000008290fda77c43437ab141d02ebc05f95bdd96e182']",0x000000000000000000000000000000000000000000000000000000459d33924c
58267402,2024-06-17 10:54:12,0x0cc42953281db0da80ad0fb2b2215bf0c5b974e3f93d1677aaf2cc950f56e01f,15,63,"['0x804c9b842b2748a22bb64b345453a3de7ca54a6ca45ce00d415894979e22897a', '0x0000000000000000000000002791bca1f2de4661ed88a30c99a7a9449aa84174']",0x0000000000000000000000000000000000000000002fad825932fef6a94bc26e0000000000000000000000000000000000000000005ec6f5aa0ed24360eaef4c0000000000000000000000000000000000000000004bbf124ff75323fa5ab1f70000000000000000000000000000000000000000038bf1fd49b80a89acfb0a39000000000000000000000000000000000000000003b16aa04eab9e6ce6c5cbc3
58267402,2024-06-17 10:54:12,0x0cc42953281db0da80ad0fb2b2215bf0c5b974e3f93d1677aaf2cc950f56e01f,15,69,"['0x2b627736bca15cd5381dcf80b0bf11fd197d01a037c52b927a881a10fb73ba61', '0x0000000000000000000000002791bca1f2de4661ed88a30c99a7a9449aa84174', '0x0000000000000000000000008290fda77c43437ab141d02ebc05f95bdd96e182', '0x0000000000000000000000000000000000000000000000000000000000000000']",0x0000000000000000000000008290fda77c43437ab141d02ebc05f95bdd96e18200000000000000000000000000000000000000000000000000000045a06fb53e
58267605,2024-06-17 11:01:24,0x2747f21f4e2358f93114efb04bf84d4fa209688e86347440559fd912c5f9c291,225,616,"['0x804c9b842b2748a22bb64b345453a3de7ca54a6ca45ce00d415894979e22897a', '0x0000000000000000000000002791bca1f2de4661ed88a30c99a7a9449aa84174']",0x0000000000000000000000000000000000000000002fae6b9309473cfb9851ef0000000000000000000000000000000000000000005ec6ff33e9f423552c0afe0000000000000000000000000000000000000000004bbfd11515f8a30f70dbd00000000000000000000000000000000000000000038bf22c4522478cc87448e9000000000000000000000000000000000000000003b16aee0769c4d880028aa2
58267605,2024-06-17 11:01:24,0x2747f21f4e2358f93114efb04bf84d4fa209688e86347440559fd912c5f9c291,225,620,"['0x3115d1449a7b732c986cba18244e897a450f61e1bb8d589cd2e69e6c8924f9f7', '0x0000000000000000000000002791bca1f2de4661ed88a30c99a7a9449aa84174', '0x000000000000000000000000593b093b342877604b7383926c0e5afde3473553', '0x000000000000000000000000593b093b342877604b7383926c0e5afde3473553']",0x0000000000000000000000000000000000000000000000000000000050752497
58267665,2024-06-17 11:03:32,0x33eb3450481eafa26a75f2dbf80ead07bdcd9df8a2263499c8978e42c230531e,31,123,"['0x804c9b842b2748a22bb64b345453a3de7ca54a6ca45ce00d415894979e22897a', '0x0000000000000000000000002791bca1f2de4661ed88a30c99a7a9449aa84174']",0x0000000000000000000000000000000000000000002faea0828c78cc196de0710000000000000000000000000000000000000000005ec70150f29e2cdc51c17c0000000000000000000000000000000000000000004bbffb59c341619e631da90000000000000000000000000000000000000000038bf23a3114cbb86387dc52000000000000000000000000000000000000000003b16b050ef9c79ab12291de
58267665,2024-06-17 11:03:32,0x33eb3450481eafa26a75f2dbf80ead07bdcd9df8a2263499c8978e42c230531e,31,125,"['0xb3d084820fb1a9decffb176436bd02558d15fac9b0ddfed8c465bc7359d7dce0', '0x0000000000000000000000002791bca1f2de4661ed88a30c99a7a9449aa84174', '0x00000000000000000000000032d3bbb0cc1d1fe32cdab957c2ed206ea872b0d4', '0x0000000000000000000000000000000000000000000000000000000000000000']",0x00000000000000000000000032d3bbb0cc1d1fe32cdab957c2ed206ea872b0d4000000000000000000000000000000000000000000000000000000000eaa1e8000000000000000000000000000000000000000000000000000000000000000020000000000000000000000000000000000000000004bbffb59c341619e631da9
58267749,2024-06-17 11:06:30,0x14959b02c908c135eede0bcf3197563129cd9d505acc96d83853b04c1d6bfbfd,292,683,"['0x804c9b842b2748a22bb64b345453a3de7ca54a6ca45ce00d415894979e22897a', '0x0000000000000000000000002791bca1f2de4661ed88a30c99a7a9449aa84174']",0x0000000000000000000000000000000000000000002fae90db1ea8b727ee60f60000000000000000000000000000000000000000005ec700acade74077732a040000000000000000000000000000000000000000004bbfee8464f6e9bcff48500000000000000000000000000000000000000000038bf24d8d47d5c4f58307f0000000000000000000000000000000000000000003b16b251590d8f2c90a1e9f
58267749,2024-06-17 11:06:30,0x14959b02c908c135eede0bcf3197563129cd9d505acc96d83853b04c1d6bfbfd,292,689,"['0x2b627736bca15cd5381dcf80b0bf11fd197d01a037c52b927a881a10fb73ba61', '0x0000000000000000000000002791bca1f2de4661ed88a30c99a7a9449aa84174', '0x0000000000000000000000009659bd1c6e89f9fd77d62e93a2192b97452ba823', '0x0000000000000000000000000000000000000000000000000000000000000000']",0x0000000000000000000000009659bd1c6e89f9fd77d62e93a2192b97452ba82300000000000000000000000000000000000000000000000000000000059ff0cb
58267771,2024-06-17 11:07:16,0x6dc6b33ca51c7f752587f100d1e54fb5f4e4f691740d7c7d73ca7d464bc7e7fd,362,816,"['0x804c9b842b2748a22bb64b345453a3de7ca54a6ca45ce00d415894979e22897a', '0x0000000000000000000000002791bca1f2de4661ed88a30c99a7a9449aa84174']",0x0000000000000000000000000000000000000000002faebdfbc90b8b35d424500000000000000000000000000000000000000000005ec70285375e7d457bb5960000000000000000000000000000000000000000004bc0136f2247a9d5aa2fb10000000000000000000000000000000000000000038bf2528e1715a86cae4b36000000000000000000000000000000000000000003b16b2d5c4c3c15de4e95b0
58267771,2024-06-17 11:07:16,0x6dc6b33ca51c7f752587f100d1e54fb5f4e4f691740d7c7d73ca7d464bc7e7fd,362,820,"['0x3115d1449a7b732c986cba18244e897a450f61e1bb8d589cd2e69e6c8924f9f7', '0x0000000000000000000000002791bca1f2de4661ed88a30c99a7a9449aa84174', '0x000000000000000000000000db92b89ca415c0dab40dc96e99fc411c08f20780', '0x000000000000000000000000db92b89ca415c0dab40dc96e99fc411c08f20780']",0x000000000000000000000000000000000000000000000000000000000f9b8db4
58267804,2024-06-17 11:08:26,0xd4960afecbc253dcfac06f674a99d1c179b7a5bdaceba921cae58b6287490d61,280,891,"['0x804c9b842b2748a22bb64b345453a3de7ca54a6ca45ce00d415894979e22897a', '0x0000000000000000000000002791bca1f2de4661ed88a30c99a7a9449aa84174']",0x0000000000000000000000000000000000000000002fabb3dde35faf2d26b9bf0000000000000000000000000000000000000000005ec6e2af68226b48ef40450000000000000000000000000000000000000000004bbd96baf196421ab105600000000000000000000000000000000000000000038bf25a2b2d30b3d8a00e5e000000000000000000000000000000000000000003b16b39f47acbed80e87ed2
58267804,2024-06-17 11:08:26,0xd4960afecbc253dcfac06f674a99d1c179b7a5bdaceba921cae58b6287490d61,280,897,"['0x2b627736bca15cd5381dcf80b0bf11fd197d01a037c52b927a881a10fb73ba61', '0x0000000000000000000000002791bca1f2de4661ed88a30c99a7a9449aa84174', '0x0000000000000000000000001abc5e398775249622a561b2c14e8aeb7fd8e361', '0x0000000000000000000000000000000000000000000000000000000000000000']",0x00000000000000000000000074e95f3ec71372756a01eb9317864e3fdde1ac53000000000000000000000000000000000000000000000000000000010e1a28c1
58267912,2024-06-17 11:12:16,0x017b8ab04a281aa4dbaa1c281783cba244d753b453f189854af258224610e941,32,131,"['0x804c9b842b2748a22bb64b345453a3de7ca54a6ca45ce00d415894979e22897a', '0x0000000000000000000000002791bca1f2de4661ed88a30c99a7a9449aa84174']",0x0000000000000000000000000000000000000000002fabb496579f31436095420000000000000000000000000000000000000000005ec6e2b689200fbcaf15b60000000000000000000000000000000000000000004bbd974985671b25adb23f0000000000000000000000000000000000000000038bf2732db93afebf4922fc000000000000000000000000000000000000000003b16b6354ddb6332105a040
58267912,2024-06-17 11:12:16,0x017b8ab04a281aa4dbaa1c281783cba244d753b453f189854af258224610e941,32,135,"['0x3115d1449a7b732c986cba18244e897a450f61e1bb8d589cd2e69e6c8924f9f7', '0x0000000000000000000000002791bca1f2de4661ed88a30c99a7a9449aa84174', '0x000000000000000000000000db92b89ca415c0dab40dc96e99fc411c08f20780', '0x000000000000000000000000db92b89ca415c0dab40dc96e99fc411c08f20780']",0x000000000000000000000000000000000000000000000000000000000000067c
58267923,2024-06-17 11:12:40,0x00f013a9337478d9a4ae274bb815886ab202fa8d9829a1290aad9aa79621f6ba,27,92,"['0x804c9b842b2748a22bb64b345453a3de7ca54a6ca45ce00d415894979e22897a', '0x0000000000000000000000002791bca1f2de4661ed88a30c99a7a9449aa84174']",0x0000000000000000000000000000000000000000002fabb4a995e4070c0f76860000000000000000000000000000000000000000005ec6e2b74783fb262bbf120000000000000000000000000000000000000000004bbd975865357f636aed790000000000000000000000000000000000000000038bf275c9d0dbe8c0d2fa54000000000000000000000000000000000000000003b16b67a628b9d4d6df6754
58267923,2024-06-17 11:12:40,0x00f013a9337478d9a4ae274bb815886ab202fa8d9829a1290aad9aa79621f6ba,27,96,"['0x3115d1449a7b732c986cba18244e897a450f61e1bb8d589cd2e69e6c8924f9f7', '0x0000000000000000000000002791bca1f2de4661ed88a30c99a7a9449aa84174', '0x000000000000000000000000db92b89ca415c0dab40dc96e99fc411c08f20780', '0x000000000000000000000000db92b89ca415c0dab40dc96e99fc411c08f20780']",0x000000000000000000000000000000000000000000000000000000000000004f
58267933,2024-06-17 11:13:00,0xed7ae534f30c5559e272df975dff1d11f27e346fbd3c8b2645b78813dbedf713,29,148,"['0x804c9b842b2748a22bb64b345453a3de7ca54a6ca45ce00d415894979e22897a', '0x0000000000000000000000002791bca1f2de4661ed88a30c99a7a9449aa84174']",0x0000000000000000000000000000000000000000002fabb4b99ed8a6d227c2ff0000000000000000000000000000000000000000005ec6e2b7e629c9c255e2310000000000000000000000000000000000000000004bbd9764ca29a396b5abd60000000000000000000000000000000000000000038bf277f68f39d0d52c6024000000000000000000000000000000000000000003b16b6b3f3c96c0ea2e636e
58267933,2024-06-17 11:13:00,0xed7ae534f30c5559e272df975dff1d11f27e346fbd3c8b2645b78813dbedf713,29,152,"['0x3115d1449a7b732c986cba18244e897a450f61e1bb8d589cd2e69e6c8924f9f7', '0x0000000000000000000000002791bca1f2de4661ed88a30c99a7a9449aa84174', '0x000000000000000000000000db92b89ca415c0dab40dc96e99fc411c08f20780', '0x000000000000000000000000db92b89ca415c0dab40dc96e99fc411c08f20780']",0x000000000000000000000000000000000000000000000000000000000000002a
58267935,2024-06-17 11:13:04,0x88af8023385fc40d1d87c2a70a9cb5fe493dae335e52dfafc325fbdd23296814,95,464,"['0x804c9b842b2748a22bb64b345453a3de7ca54a6ca45ce00d415894979e22897a', '0x0000000000000000000000002791bca1f2de4661ed88a30c99a7a9449aa84174']",0x0000000000000000000000000000000000000000002fab926486d7f5d0f402f10000000000000000000000000000000000000000005ec6e15048e7a17776992b0000000000000000000000000000000000000000004bbd7b4c80fe7dbd43f7580000000000000000000000000000000000000000038bf27865e88035c7e27c79000000000000000000000000000000000000000003b16b6bf773c379f570ffa9
58267935,2024-06-17 11:13:04,0x88af8023385fc40d1d87c2a70a9cb5fe493dae335e52dfafc325fbdd23296814,95,469,"['0x2b627736bca15cd5381dcf80b0bf11fd197d01a037c52b927a881a10fb73ba61', '0x0000000000000000000000002791bca1f2de4661ed88a30c99a7a9449aa84174', '0x000000000000000000000000e4f44c2f63cf6766a47db604098b940c924e7607', '0x0000000000000000000000000000000000000000000000000000000000000000']",0x000000000000000000000000e4f44c2f63cf6766a47db604098b940c924e7607000000000000000000000000000000000000000000000000000000000bebc200
58267937,2024-06-17 11:13:10,0x125bc16d8b59c131e8641fab4c37178139d28a6a57c5fc517cb646a1350cd575,144,685,"['0x804c9b842b2748a22bb64b345453a3de7ca54a6ca45ce00d415894979e22897a', '0x0000000000000000000000002791bca1f2de4661ed88a30c99a7a9449aa84174']",0x0000000000000000000000000000000000000000002fab48d2cdf47118afc29e0000000000000000000000000000000000000000005ec6de6012ecb5bfca2f750000000000000000000000000000000000000000004bbd408849641363cbb5200000000000000000000000000000000000000000038bf2790cedf1977db33116000000000000000000000000000000000000000003b16b6d0bc6205350bf60b7
58267937,2024-06-17 11:13:10,0x125bc16d8b59c131e8641fab4c37178139d28a6a57c5fc517cb646a1350cd575,144,688,"['0xa534c8dbe71f871f9f3530e97a74601fea17b426cae02e1c5aee42c96c784051', '0x0000000000000000000000002791bca1f2de4661ed88a30c99a7a9449aa84174', '0x0000000000000000000000002c2e909304aa3442674df64a691f0661b03f1bc2', '0x000000000000000000000000b58fd91558fa213d97ac94c97f831c7289278084']",0x00000000000000000000000000000000000000000000000000000000148bf2180000000000000000000000000000000000000000000000000000000000000000
58267973,2024-06-17 11:14:26,0x1c9f0610ef5e3a7a7eb04dbc23a898be80e4a8626bb07f9989a325cb905ae5b5,30,150,"['0x804c9b842b2748a22bb64b345453a3de7ca54a6ca45ce00d415894979e22897a', '0x0000000000000000000000002791bca1f2de4661ed88a30c99a7a9449aa84174']",0x0000000000000000000000000000000000000000002fab4941f1b2e77be55c270000000000000000000000000000000000000000005ec6de647bafb05edc026b0000000000000000000000000000000000000000004bbd40e0789fa7d13030660000000000000000000000000000000000000000038bf281507b78f219d7b15f000000000000000000000000000000000000000003b16b7ab7cee2b124755bd8
58267973,2024-06-17 11:14:26,0x1c9f0610ef5e3a7a7eb04dbc23a898be80e4a8626bb07f9989a325cb905ae5b5,30,154,"['0x3115d1449a7b732c986cba18244e897a450f61e1bb8d589cd2e69e6c8924f9f7', '0x0000000000000000000000002791bca1f2de4661ed88a30c99a7a9449aa84174', '0x000000000000000000000000db92b89ca415c0dab40dc96e99fc411c08f20780', '0x000000000000000000000000db92b89ca415c0dab40dc96e99fc411c08f20780']",0x0000000000000000000000000000000000000000000000000000000000116dd1
58267993,2024-06-17 11:15:08,0xa3c4c2f512818c3db929b34661b79a680196d440b0deb2cd77c64ce7b81719c9,245,648,"['0x804c9b842b2748a22bb64b345453a3de7ca54a6ca45ce00d415894979e22897a', '0x0000000000000000000000002791bca1f2de4661ed88a30c99a7a9449aa84174']",0x0000000000000000000000000000000000000000002fab59980e48bbd177985c0000000000000000000000000000000000000000005ec6df0f8557264fdc23fb0000000000000000000000000000000000000000004bbd4e3d39b4dea532cfa70000000000000000000000000000000000000000038bf285e19a9c6752be17b3000000000000000000000000000000000000000003b16b824609bd757dac798a
58267993,2024-06-17 11:15:08,0xa3c4c2f512818c3db929b34661b79a680196d440b0deb2cd77c64ce7b81719c9,245,653,"['0x3115d1449a7b732c986cba18244e897a450f61e1bb8d589cd2e69e6c8924f9f7', '0x0000000000000000000000002791bca1f2de4661ed88a30c99a7a9449aa84174', '0x000000000000000000000000c4aff49fced8ac1d818a6dcab063f9f97e66ec5e', '0x000000000000000000000000c4aff49fced8ac1d818a6dcab063f9f97e66ec5e']",0x00000000000000000000000000000000000000000000000000000000059ff124
58268006,2024-06-17 11:15:36,0x5adafd135ecc05b43ed8be42f0aa7aee7ea3c412604d2e97c0bf0a602d6517b6,171,447,"['0x804c9b842b2748a22bb64b345453a3de7ca54a6ca45ce00d415894979e22897a', '0x0000000000000000000000002791bca1f2de4661ed88a30c99a7a9449aa84174']",0x0000000000000000000000000000000000000000002fab59ae81f19167a1e8f30000000000000000000000000000000000000000005ec6df10637b1e1cbffd480000000000000000000000000000000000000000004bbd4e4e94843aa6ffc9a30000000000000000000000000000000000000000038bf288ed05c31221dd2e9f000000000000000000000000000000000000000003b16b874f873b63afb06703
58268006,2024-06-17 11:15:36,0x5adafd135ecc05b43ed8be42f0aa7aee7ea3c412604d2e97c0bf0a602d6517b6,171,451,"['0x3115d1449a7b732c986cba18244e897a450f61e1bb8d589cd2e69e6c8924f9f7', '0x0000000000000000000000002791bca1f2de4661ed88a30c99a7a9449aa84174', '0x000000000000000000000000db92b89ca415c0dab40dc96e99fc411c08f20780', '0x000000000000000000000000db92b89ca415c0dab40dc96e99fc411c08f20780']",0x0000000000000000000000000000000000000000000000000000000000000071
58268025,2024-06-17 11:16:16,0x0ed132fc3f498e355366c3703446d8070caee4649f59469693d8644af22be40e,29,181,"['0x804c9b842b2748a22bb64b345453a3de7ca54a6ca45ce00d415894979e22897a', '0x0000000000000000000000002791bca1f2de4661ed88a30c99a7a9449aa84174']",0x0000000000000000000000000000000000000000002fab59ce93b2e93f59641d0000000000000000000000000000000000000000005ec6df11a0c6a9f844dce20000000000000000000000000000000000000000004bbd4e675e6b27cd6141950000000000000000000000000000000000000000038bf28d467a493c1eea3e05000000000000000000000000000000000000000003b16b8e81a845ffddc7c0f5
58268025,2024-06-17 11:16:16,0x0ed132fc3f498e355366c3703446d8070caee4649f59469693d8644af22be40e,29,185,"['0x3115d1449a7b732c986cba18244e897a450f61e1bb8d589cd2e69e6c8924f9f7', '0x0000000000000000000000002791bca1f2de4661ed88a30c99a7a9449aa84174', '0x000000000000000000000000db92b89ca415c0dab40dc96e99fc411c08f20780', '0x000000000000000000000000db92b89ca415c0dab40dc96e99fc411c08f20780']",0x0000000000000000000000000000000000000000000000000000000000000038
58268058,2024-06-17 11:17:26,0x4c26834557ab14294ab033ad4ca3a8176b2b47c62a2c101f52039e41ca97ccbd,29,102,"['0x804c9b842b2748a22bb64b345453a3de7ca54a6ca45ce00d415894979e22897a', '0x0000000000000000000000002791bca1f2de4661ed88a30c99a7a9449aa84174']",0x0000000000000000000000000000000000000000002fab5a06b2bd87d73ecf420000000000000000000000000000000000000000005ec6df13cc0a83199954670000000000000000000000000000000000000000004bbd4e92bfb81e67fa98140000000000000000000000000000000000000000038bf294e306427a10859569000000000000000000000000000000000000000003b16b9b19623e6d227d68f8
58268058,2024-06-17 11:17:26,0x4c26834557ab14294ab033ad4ca3a8176b2b47c62a2c101f52039e41ca97ccbd,29,106,"['0x3115d1449a7b732c986cba18244e897a450f61e1bb8d589cd2e69e6c8924f9f7', '0x0000000000000000000000002791bca1f2de4661ed88a30c99a7a9449aa84174', '0x000000000000000000000000db92b89ca415c0dab40dc96e99fc411c08f20780', '0x000000000000000000000000db92b89ca415c0dab40dc96e99fc411c08f20780']",0x000000000000000000000000000000000000000000000000000000000000005f
58268250,2024-06-17 11:24:14,0x06fe95f9a820b0494cc48a181183cac084b8f13ba0e5754a8e73e2ba64a1f1a0,14,67,"['0x804c9b842b2748a22bb64b345453a3de7ca54a6ca45ce00d415894979e22897a', '0x0000000000000000000000002791bca1f2de4661ed88a30c99a7a9449aa84174']",0x0000000000000000000000000000000000000000003076805cafd0f10ef33c010000000000000000000000000000000000000000005ecf262c294ed6970a584a0000000000000000000000000000000000000000004c62dc7a090ea434cee5cc0000000000000000000000000000000000000000038bf2c140454f71132c2614000000000000000000000000000000000000000003b16be47f1e07db1ece304c
58268250,2024-06-17 11:24:14,0x06fe95f9a820b0494cc48a181183cac084b8f13ba0e5754a8e73e2ba64a1f1a0,14,72,"['0x3115d1449a7b732c986cba18244e897a450f61e1bb8d589cd2e69e6c8924f9f7', '0x0000000000000000000000002791bca1f2de4661ed88a30c99a7a9449aa84174', '0x0000000000000000000000008290fda77c43437ab141d02ebc05f95bdd96e182', '0x0000000000000000000000008290fda77c43437ab141d02ebc05f95bdd96e182']",0x00000000000000000000000000000000000000000000000000000045a07ebc51
58268250,2024-06-17 11:24:14,0x06fe95f9a820b0494cc48a181183cac084b8f13ba0e5754a8e73e2ba64a1f1a0,14,90,"['0x804c9b842b2748a22bb64b345453a3de7ca54a6ca45ce00d415894979e22897a', '0x0000000000000000000000002791bca1f2de4661ed88a30c99a7a9449aa84174']",0x0000000000000000000000000000000000000000002fab143394f3682f94b2760000000000000000000000000000000000000000005ec6dc37adec9b714d9e0f0000000000000000000000000000000000000000004bbd15606562054210592b0000000000000000000000000000000000000000038bf2c140454f71132c2614000000000000000000000000000000000000000003b16be47f1e07db1ece304c
58268250,2024-06-17 11:24:14,0x06fe95f9a820b0494cc48a181183cac084b8f13ba0e5754a8e73e2ba64a1f1a0,14,96,"['0x2b627736bca15cd5381dcf80b0bf11fd197d01a037c52b927a881a10fb73ba61', '0x0000000000000000000000002791bca1f2de4661ed88a30c99a7a9449aa84174', '0x0000000000000000000000008290fda77c43437ab141d02ebc05f95bdd96e182', '0x0000000000000000000000000000000000000000000000000000000000000000']",0x0000000000000000000000008290fda77c43437ab141d02ebc05f95bdd96e18200000000000000000000000000000000000000000000000000000045b92ce308
58268420,2024-06-17 11:30:16,0x9922dd78c664e1496b57499cde0fc4911ed7b574eb5edd1402a242509ce7b9a8,124,431,"['0x804c9b842b2748a22bb64b345453a3de7ca54a6ca45ce00d415894979e22897a', '0x0000000000000000000000002791bca1f2de4661ed88a30c99a7a9449aa84174']",0x0000000000000000000000000000000000000000002fae0086073c87a33b43c50000000000000000000000000000000000000000005ec6fa1a1ccbfc68a4f6dc0000000000000000000000000000000000000000004bbf6b110ed59894e349320000000000000000000000000000000000000000038bf2e89cd35297b643ae68000000000000000000000000000000000000000003b16c259e3a1ea5b545ac63
58268420,2024-06-17 11:30:16,0x9922dd78c664e1496b57499cde0fc4911ed7b574eb5edd1402a242509ce7b9a8,124,433,"['0xb3d084820fb1a9decffb176436bd02558d15fac9b0ddfed8c465bc7359d7dce0', '0x0000000000000000000000002791bca1f2de4661ed88a30c99a7a9449aa84174', '0x000000000000000000000000429b5a4ee12bfb7092c700914dd8ba3fbcc41616', '0x0000000000000000000000000000000000000000000000000000000000000000']",0x000000000000000000000000429b5a4ee12bfb7092c700914dd8ba3fbcc4161600000000000000000000000000000000000000000000000000000000d09dc30000000000000000000000000000000000000000000000000000000000000000020000000000000000000000000000000000000000004bbf6b110ed59894e34932
58268624,2024-06-17 11:37:30,0xdb64370a6a04f425b3c52266ba98b9fa28d83fecc8256656933c46346affd47f,38,120,"['0x804c9b842b2748a22bb64b345453a3de7ca54a6ca45ce00d415894979e22897a', '0x0000000000000000000000002791bca1f2de4661ed88a30c99a7a9449aa84174']",0x0000000000000000000000000000000000000000002fae4633943f5d1ba691ec0000000000000000000000000000000000000000005ec6fce1ff4e97588f40520000000000000000000000000000000000000000004bbfa2aec109b35331066a0000000000000000000000000000000000000000038bf317d0756b26c36fe055000000000000000000000000000000000000000003b16c73b39140df55b5201f
58268624,2024-06-17 11:37:30,0xdb64370a6a04f425b3c52266ba98b9fa28d83fecc8256656933c46346affd47f,38,122,"['0xb3d084820fb1a9decffb176436bd02558d15fac9b0ddfed8c465bc7359d7dce0', '0x0000000000000000000000002791bca1f2de4661ed88a30c99a7a9449aa84174', '0x00000000000000000000000063d8abfb76031699887578ab98ccb86b620c4085', '0x0000000000000000000000000000000000000000000000000000000000000000']",0x00000000000000000000000063d8abfb76031699887578ab98ccb86b620c4085000000000000000000000000000000000000000000000000000000001312d00000000000000000000000000000000000000000000000000000000000000000020000000000000000000000000000000000000000004bbfa2aec109b35331066a
58268643,2024-06-17 11:38:10,0x74e30b86767678215866f3a5b4daff25f6a086dd904c84d0608743c9647cf647,261,566,"['0x804c9b842b2748a22bb64b345453a3de7ca54a6ca45ce00d415894979e22897a', '0x0000000000000000000000002791bca1f2de4661ed88a30c99a7a9449aa84174']",0x0000000000000000000000000000000000000000002fae12cc9e84a21d1964ba0000000000000000000000000000000000000000005ec6fac7955396e3a2067b0000000000000000000000000000000000000000004bbf789e796daa30a881980000000000000000000000000000000000000000038bf31c2a2eec6e81c14bd7000000000000000000000000000000000000000003b16c7ae5ecc1239116cf70
58268643,2024-06-17 11:38:10,0x74e30b86767678215866f3a5b4daff25f6a086dd904c84d0608743c9647cf647,261,572,"['0x2b627736bca15cd5381dcf80b0bf11fd197d01a037c52b927a881a10fb73ba61', '0x0000000000000000000000002791bca1f2de4661ed88a30c99a7a9449aa84174', '0x00000000000000000000000063d8abfb76031699887578ab98ccb86b620c4085', '0x0000000000000000000000000000000000000000000000000000000000000000']",0x00000000000000000000000063d8abfb76031699887578ab98ccb86b620c40850000000000000000000000000000000000000000000000000000000011e1a300
58268688,2024-06-17 11:39:46,0x16ce42809856b1f5fa365094c2cdd8e89b2d9c1fe8d5c40e37a33c4b449b58eb,214,527,"['0x804c9b842b2748a22bb64b345453a3de7ca54a6ca45ce00d415894979e22897a', '0x0000000000000000000000002791bca1f2de4661ed88a30c99a7a9449aa84174']",0x0000000000000000000000000000000000000000002fae46a097590dac7473180000000000000000000000000000000000000000005ec6fce635b1104a56a6290000000000000000000000000000000000000000004bbfa30300bb2636c4fb360000000000000000000000000000000000000000038bf3269b14212713bd454c000000000000000000000000000000000000000003b16c8c2b8bca06ca622535
58268688,2024-06-17 11:39:46,0x16ce42809856b1f5fa365094c2cdd8e89b2d9c1fe8d5c40e37a33c4b449b58eb,214,532,"['0x3115d1449a7b732c986cba18244e897a450f61e1bb8d589cd2e69e6c8924f9f7', '0x0000000000000000000000002791bca1f2de4661ed88a30c99a7a9449aa84174', '0x000000000000000000000000c4aff49fced8ac1d818a6dcab063f9f97e66ec5e', '0x000000000000000000000000c4aff49fced8ac1d818a6dcab063f9f97e66ec5e']",0x0000000000000000000000000000000000000000000000000000000011e1a334
58268688,2024-06-17 11:39:46,0x1534d2147dba04dd6b8e796357635f39956fd3c0850558dcd019899a812ab68d,238,713,"['0x804c9b842b2748a22bb64b345453a3de7ca54a6ca45ce00d415894979e22897a', '0x0000000000000000000000002791bca1f2de4661ed88a30c99a7a9449aa84174']",0x0000000000000000000000000000000000000000002fae4396d2f5ea54c32e4a0000000000000000000000000000000000000000005ec6fcc7266f817cdc75cd0000000000000000000000000000000000000000004bbfa095cf9bfe293933f70000000000000000000000000000000000000000038bf3269b14212713bd454c000000000000000000000000000000000000000003b16c8c2b8bca06ca622535
58268688,2024-06-17 11:39:46,0x1534d2147dba04dd6b8e796357635f39956fd3c0850558dcd019899a812ab68d,238,716,"['0xa534c8dbe71f871f9f3530e97a74601fea17b426cae02e1c5aee42c96c784051', '0x0000000000000000000000002791bca1f2de4661ed88a30c99a7a9449aa84174', '0x000000000000000000000000429b5a4ee12bfb7092c700914dd8ba3fbcc41616', '0x000000000000000000000000429b5a4ee12bfb7092c700914dd8ba3fbcc41616']",0x0000000000000000000000000000000000000000000000000000000000d9234d0000000000000000000000000000000000000000000000000000000000000000
58269057,2024-06-17 11:52:50,0x4c8d7b13dec30cd1b576aed55f63a1d29743304f0ef1a424c027d2529d413430,308,851,"['0x804c9b842b2748a22bb64b345453a3de7ca54a6ca45ce00d415894979e22897a', '0x0000000000000000000000002791bca1f2de4661ed88a30c99a7a9449aa84174']",0x0000000000000000000000000000000000000000002face1e54c4eb033d1d7440000000000000000000000000000000000000000005ec6eea65b09b1331ed3950000000000000000000000000000000000000000004bbe8605eba7b86668879c0000000000000000000000000000000000000000038bf37be0118b80073367f8000000000000000000000000000000000000000003b16d1939ca23e79a1a0e50
58269057,2024-06-17 11:52:50,0x4c8d7b13dec30cd1b576aed55f63a1d29743304f0ef1a424c027d2529d413430,308,854,"['0xa534c8dbe71f871f9f3530e97a74601fea17b426cae02e1c5aee42c96c784051', '0x0000000000000000000000002791bca1f2de4661ed88a30c99a7a9449aa84174', '0x000000000000000000000000ac0635843ea09f40bb17661383a52b131870929d', '0x000000000000000000000000b58fd91558fa213d97ac94c97f831c7289278084']",0x00000000000000000000000000000000000000000000000000000000636ed9dc0000000000000000000000000000000000000000000000000000000000000000
58269096,2024-06-17 11:54:12,0x1c7e2311c390934bd213d313a6817128fb76deaacd7bbc9a695f81662b032ce6,15,120,"['0x804c9b842b2748a22bb64b345453a3de7ca54a6ca45ce00d415894979e22897a', '0x0000000000000000000000002791bca1f2de4661ed88a30c99a7a9449aa84174']",0x000000000000000000000000000000000000000000307856346e398a4091f6660000000000000000000000000000000000000000005ecf38c54b58037ea5a1b40000000000000000000000000000000000000000004c645070b1c6264cf0a20a0000000000000000000000000000000000000000038bf384caf2913cf20e3f3f000000000000000000000000000000000000000003b16d27fa6a846505360178
58269096,2024-06-17 11:54:12,0x1c7e2311c390934bd213d313a6817128fb76deaacd7bbc9a695f81662b032ce6,15,125,"['0x3115d1449a7b732c986cba18244e897a450f61e1bb8d589cd2e69e6c8924f9f7', '0x0000000000000000000000002791bca1f2de4661ed88a30c99a7a9449aa84174', '0x0000000000000000000000008290fda77c43437ab141d02ebc05f95bdd96e182', '0x0000000000000000000000008290fda77c43437ab141d02ebc05f95bdd96e182']",0x00000000000000000000000000000000000000000000000000000045b93be725
58269096,2024-06-17 11:54:12,0x1c7e2311c390934bd213d313a6817128fb76deaacd7bbc9a695f81662b032ce6,15,139,"['0x804c9b842b2748a22bb64b345453a3de7ca54a6ca45ce00d415894979e22897a', '0x0000000000000000000000002791bca1f2de4661ed88a30c99a7a9449aa84174']",0x0000000000000000000000000000000000000000002fabab70a32e906859fc930000000000000000000000000000000000000000005ec6e1f2810a92b89471400000000000000000000000000000000000000000004bbd87f8e3b956d398d9000000000000000000000000000000000000000000038bf384caf2913cf20e3f3f000000000000000000000000000000000000000003b16d27fa6a846505360178
58269096,2024-06-17 11:54:12,0x1c7e2311c390934bd213d313a6817128fb76deaacd7bbc9a695f81662b032ce6,15,145,"['0x2b627736bca15cd5381dcf80b0bf11fd197d01a037c52b927a881a10fb73ba61', '0x0000000000000000000000002791bca1f2de4661ed88a30c99a7a9449aa84174', '0x0000000000000000000000008290fda77c43437ab141d02ebc05f95bdd96e182', '0x0000000000000000000000000000000000000000000000000000000000000000']",0x0000000000000000000000008290fda77c43437ab141d02ebc05f95bdd96e1820000000000000000000000000000000000000000000000000000004625144a28
58269506,2024-06-17 12:08:44,0x1ddca49efb745e48b1ae08a4cf432f3ae46aed1d9e7a101dd38d09d903e71af3,63,191,"['0x804c9b842b2748a22bb64b345453a3de7ca54a6ca45ce00d415894979e22897a', '0x0000000000000000000000002791bca1f2de4661ed88a30c99a7a9449aa84174']",0x0000000000000000000000000000000000000000002fa8ff61ab99c9e966189d0000000000000000000000000000000000000000005ec6c5f38b766e5e99ed3b0000000000000000000000000000000000000000004bbb580db4267fcc06888e0000000000000000000000000000000000000000038bf3e39d021e5f46b8cb19000000000000000000000000000000000000000003b16dc4d99d68aa38c553c0
58269506,2024-06-17 12:08:44,0x1ddca49efb745e48b1ae08a4cf432f3ae46aed1d9e7a101dd38d09d903e71af3,63,197,"['0x2b627736bca15cd5381dcf80b0bf11fd197d01a037c52b927a881a10fb73ba61', '0x0000000000000000000000002791bca1f2de4661ed88a30c99a7a9449aa84174', '0x0000000000000000000000009fb2e86637d4bb0b8092db29e9c43caa8634c9e9', '0x0000000000000000000000000000000000000000000000000000000000000000']",0x0000000000000000000000009fb2e86637d4bb0b8092db29e9c43caa8634c9e900000000000000000000000000000000000000000000000000000000ee6faf64
58269570,2024-06-17 12:11:00,0x9c57c8a341a17a7a0794b2bf4079011949c27aee0cae5e1e799e9ae577e108e0,69,259,"['0x804c9b842b2748a22bb64b345453a3de7ca54a6ca45ce00d415894979e22897a', '0x0000000000000000000000002791bca1f2de4661ed88a30c99a7a9449aa84174']",0x0000000000000000000000000000000000000000002fa910f91dd6c51375bcb30000000000000000000000000000000000000000005ec6c6ab936af5ae2ead840000000000000000000000000000000000000000004bbb666e53411203a58e540000000000000000000000000000000000000000038bf3f2660c4c9ec5843875000000000000000000000000000000000000000003b16ddd50475f8ac55b1762
58269570,2024-06-17 12:11:00,0x9c57c8a341a17a7a0794b2bf4079011949c27aee0cae5e1e799e9ae577e108e0,69,263,"['0x3115d1449a7b732c986cba18244e897a450f61e1bb8d589cd2e69e6c8924f9f7', '0x0000000000000000000000002791bca1f2de4661ed88a30c99a7a9449aa84174', '0x000000000000000000000000bb7fa27f0f6c9667951059cd8173936a93d67124', '0x000000000000000000000000c9d60d366e5a1b0789453a9f831338dd53afd632']",0x0000000000000000000000000000000000000000000000000000000005f5e100
58269629,2024-06-17 12:13:04,0x63e4f547683d28b43bc474110680d289edbfafa0beac10ba290f980cee6cc42f,57,277,"['0x804c9b842b2748a22bb64b345453a3de7ca54a6ca45ce00d415894979e22897a', '0x0000000000000000000000002791bca1f2de4661ed88a30c99a7a9449aa84174']",0x0000000000000000000000000000000000000000002fa933b1741a11f747bfc80000000000000000000000000000000000000000005ec6c8170ddb0377faf7a70000000000000000000000000000000000000000004bbb82d3e40225c79b59120000000000000000000000000000000000000000038bf3ffe1224e7006b8bc99000000000000000000000000000000000000000003b16df39e5f98f791ae12c6
58269629,2024-06-17 12:13:04,0x63e4f547683d28b43bc474110680d289edbfafa0beac10ba290f980cee6cc42f,57,282,"['0x3115d1449a7b732c986cba18244e897a450f61e1bb8d589cd2e69e6c8924f9f7', '0x0000000000000000000000002791bca1f2de4661ed88a30c99a7a9449aa84174', '0x00000000000000000000000078f8bd884c3d738b74b420540659c82f392820e0', '0x00000000000000000000000078f8bd884c3d738b74b420540659c82f392820e0']",0x000000000000000000000000000000000000000000000000000000000bebc200
58269629,2024-06-17 12:13:04,0xb1cab5b69967c0e285938814dec8e6531d0ffd44856e6cb2c79236e5722bfdef,58,307,"['0x804c9b842b2748a22bb64b345453a3de7ca54a6ca45ce00d415894979e22897a', '0x0000000000000000000000002791bca1f2de4661ed88a30c99a7a9449aa84174']",0x0000000000000000000000000000000000000000002fa92286fa2bc49a8d034a0000000000000000000000000000000000000000005ec6c7633c687b18d6dd890000000000000000000000000000000000000000004bbb74c7870f7e58c94ebe0000000000000000000000000000000000000000038bf3ffe1224e7006b8bc99000000000000000000000000000000000000000003b16df39e5f98f791ae12c6
58269629,2024-06-17 12:13:04,0xb1cab5b69967c0e285938814dec8e6531d0ffd44856e6cb2c79236e5722bfdef,58,312,"['0x2b627736bca15cd5381dcf80b0bf11fd197d01a037c52b927a881a10fb73ba61', '0x0000000000000000000000002791bca1f2de4661ed88a30c99a7a9449aa84174', '0x000000000000000000000000bb7fa27f0f6c9667951059cd8173936a93d67124', '0x0000000000000000000000000000000000000000000000000000000000000000']",0x000000000000000000000000bb7fa27f0f6c9667951059cd8173936a93d671240000000000000000000000000000000000000000000000000000000005f5e100
58269803,2024-06-17 12:19:16,0x4a411c9d4aac9eaaf7fb015735d92ae1578981d52af567bad6cfbdf5644e0a75,3,10,"['0x804c9b842b2748a22bb64b345453a3de7ca54a6ca45ce00d415894979e22897a', '0x0000000000000000000000002791bca1f2de4661ed88a30c99a7a9449aa84174']",0x0000000000000000000000000000000000000000002fa91f8cdbde8c736c6d910000000000000000000000000000000000000000005ec6c7435ff85f4a975e090000000000000000000000000000000000000000004bbb724a4e4d523bd358b60000000000000000000000000000000000000000038bf4285273d2e446fd0c42000000000000000000000000000000000000000003b16e3688b81b19d96dacc1
58269803,2024-06-17 12:19:16,0x4a411c9d4aac9eaaf7fb015735d92ae1578981d52af567bad6cfbdf5644e0a75,3,15,"['0x2b627736bca15cd5381dcf80b0bf11fd197d01a037c52b927a881a10fb73ba61', '0x0000000000000000000000002791bca1f2de4661ed88a30c99a7a9449aa84174', '0x00000000000000000000000030e97dc680ee97ff65b5188d34fb4ea20b38d710', '0x0000000000000000000000000000000000000000000000000000000000000000']",0x000000000000000000000000d3cdf94a0ee626071df1d2c7068b48550319c49b00000000000000000000000000000000000000000000000000000000017031d0
58269805,2024-06-17 12:19:20,0x2d8e2483210e1ed779bb932bf1065a09057b0e7c26b94917176e204abdffda9b,43,225,"['0x804c9b842b2748a22bb64b345453a3de7ca54a6ca45ce00d415894979e22897a', '0x0000000000000000000000002791bca1f2de4661ed88a30c99a7a9449aa84174']",0x0000000000000000000000000000000000000000002fa92a3bcbd4b1f9da69070000000000000000000000000000000000000000005ec6c7b09cc517750c4dc40000000000000000000000000000000000000000004bbb7ad30e4bb58cf6134a0000000000000000000000000000000000000000038bf428c1c745ef11211e4b000000000000000000000000000000000000000003b16e3740ea9ba88cb3b3ce
58269805,2024-06-17 12:19:20,0x2d8e2483210e1ed779bb932bf1065a09057b0e7c26b94917176e204abdffda9b,43,227,"['0xb3d084820fb1a9decffb176436bd02558d15fac9b0ddfed8c465bc7359d7dce0', '0x0000000000000000000000002791bca1f2de4661ed88a30c99a7a9449aa84174', '0x000000000000000000000000dff3371028d1c6791fce6fe6712c8fb6ff16e857', '0x0000000000000000000000000000000000000000000000000000000000000000']",0x000000000000000000000000dff3371028d1c6791fce6fe6712c8fb6ff16e8570000000000000000000000000000000000000000000000000000000002faf08000000000000000000000000000000000000000000000000000000000000000020000000000000000000000000000000000000000004bbb7ad30e4bb58cf6134a
58269942,2024-06-17 12:24:12,0x0c6b921927aee7a12e9c5502163c0013d9ad678e2a47c6d6fc3e47391947707e,14,39,"['0x804c9b842b2748a22bb64b345453a3de7ca54a6ca45ce00d415894979e22897a', '0x0000000000000000000000002791bca1f2de4661ed88a30c99a7a9449aa84174']",0x0000000000000000000000000000000000000000003075c53ca346d568b7c7580000000000000000000000000000000000000000005ecf1e16982666045a97540000000000000000000000000000000000000000004c623acab1e5d8bf13d2a40000000000000000000000000000000000000000038bf448809a358fb225590f000000000000000000000000000000000000000003b16e6bc758aa3f51dc31e2
58269942,2024-06-17 12:24:12,0x0c6b921927aee7a12e9c5502163c0013d9ad678e2a47c6d6fc3e47391947707e,14,44,"['0x3115d1449a7b732c986cba18244e897a450f61e1bb8d589cd2e69e6c8924f9f7', '0x0000000000000000000000002791bca1f2de4661ed88a30c99a7a9449aa84174', '0x0000000000000000000000008290fda77c43437ab141d02ebc05f95bdd96e182', '0x0000000000000000000000008290fda77c43437ab141d02ebc05f95bdd96e182']",0x00000000000000000000000000000000000000000000000000000046252368d1
58269942,2024-06-17 12:24:12,0x0c6b921927aee7a12e9c5502163c0013d9ad678e2a47c6d6fc3e47391947707e,14,62,"['0x804c9b842b2748a22bb64b345453a3de7ca54a6ca45ce00d415894979e22897a', '0x0000000000000000000000002791bca1f2de4661ed88a30c99a7a9449aa84174']",0x0000000000000000000000000000000000000000002fa9cdd6c7d3694aa884600000000000000000000000000000000000000000005ec6ce61dff53accf8c6b60000000000000000000000000000000000000000004bbc00ac4e0e786b6f86320000000000000000000000000000000000000000038bf448809a358fb225590f000000000000000000000000000000000000000003b16e6bc758aa3f51dc31e2
58269942,2024-06-17 12:24:12,0x0c6b921927aee7a12e9c5502163c0013d9ad678e2a47c6d6fc3e47391947707e,14,68,"['0x2b627736bca15cd5381dcf80b0bf11fd197d01a037c52b927a881a10fb73ba61', '0x0000000000000000000000002791bca1f2de4661ed88a30c99a7a9449aa84174', '0x0000000000000000000000008290fda77c43437ab141d02ebc05f95bdd96e182', '0x0000000000000000000000000000000000000000000000000000000000000000']",0x0000000000000000000000008290fda77c43437ab141d02ebc05f95bdd96e18200000000000000000000000000000000000000000000000000000045eca6579e
58270113,2024-06-17 12:30:16,0x8669d8a8114d2eab0e8367830719e497c64a1345f3d43ab286e8a4362a050f8c,127,509,"['0x804c9b842b2748a22bb64b345453a3de7ca54a6ca45ce00d415894979e22897a', '0x0000000000000000000000002791bca1f2de4661ed88a30c99a7a9449aa84174']",0x0000000000000000000000000000000000000000002fa9d5d88b5bcbbe922aae0000000000000000000000000000000000000000005ec6ceb515f5820418baf80000000000000000000000000000000000000000004bbc072c861408b9ee9b5d0000000000000000000000000000000000000000038bf47013d637fe86181438000000000000000000000000000000000000000003b16ead41cd64ef6c7bc88f
58270113,2024-06-17 12:30:16,0x8669d8a8114d2eab0e8367830719e497c64a1345f3d43ab286e8a4362a050f8c,127,513,"['0x3115d1449a7b732c986cba18244e897a450f61e1bb8d589cd2e69e6c8924f9f7', '0x0000000000000000000000002791bca1f2de4661ed88a30c99a7a9449aa84174', '0x000000000000000000000000484267774f1ef7078a4a71daa578978127491fc0', '0x000000000000000000000000484267774f1ef7078a4a71daa578978127491fc0']",0x0000000000000000000000000000000000000000000000000000000002625a00
58270211,2024-06-17 12:33:44,0x84c197343e1c37ae99ca3dfcc846cab85a813aac5e5046f8b5fde0eb4ec647fd,65,294,"['0x804c9b842b2748a22bb64b345453a3de7ca54a6ca45ce00d415894979e22897a', '0x0000000000000000000000002791bca1f2de4661ed88a30c99a7a9449aa84174']",0x0000000000000000000000000000000000000000002fa9e2fc73308684f2b42f0000000000000000000000000000000000000000005ec6cf3e5a1e206f0f12800000000000000000000000000000000000000000004bbc11e5d94069152d72020000000000000000000000000000000000000000038bf486b121ddaf25d28a19000000000000000000000000000000000000000003b16ed2ac5e7cc2e327d2ec
58270211,2024-06-17 12:33:44,0x84c197343e1c37ae99ca3dfcc846cab85a813aac5e5046f8b5fde0eb4ec647fd,65,298,"['0x3115d1449a7b732c986cba18244e897a450f61e1bb8d589cd2e69e6c8924f9f7', '0x0000000000000000000000002791bca1f2de4661ed88a30c99a7a9449aa84174', '0x000000000000000000000000d4b0c740671e5235c2cdecef9503be4545be53bf', '0x000000000000000000000000d4b0c740671e5235c2cdecef9503be4545be53bf']",0x0000000000000000000000000000000000000000000000000000000004560aab
58270245,2024-06-17 12:34:56,0x469ca07f2a23e769e8e344ccdaaf3df0fa85a5c3aa74785883865f77da3fb136,39,294,"['0x804c9b842b2748a22bb64b345453a3de7ca54a6ca45ce00d415894979e22897a', '0x0000000000000000000000002791bca1f2de4661ed88a30c99a7a9449aa84174']",0x0000000000000000000000000000000000000000002fbbe36fa29721c396b6ee0000000000000000000000000000000000000000005ec78bbde70613e19d893d0000000000000000000000000000000000000000004bcacbdcdb5f6e084eb8c10000000000000000000000000000000000000000038bf48e8520ddbc5848c313000000000000000000000000000000000000000003b16edfa0090b706fd9512f
58270245,2024-06-17 12:34:56,0x469ca07f2a23e769e8e344ccdaaf3df0fa85a5c3aa74785883865f77da3fb136,39,299,"['0x3115d1449a7b732c986cba18244e897a450f61e1bb8d589cd2e69e6c8924f9f7', '0x0000000000000000000000002791bca1f2de4661ed88a30c99a7a9449aa84174', '0x000000000000000000000000c4aff49fced8ac1d818a6dcab063f9f97e66ec5e', '0x000000000000000000000000c4aff49fced8ac1d818a6dcab063f9f97e66ec5e']",0x000000000000000000000000000000000000000000000000000000031ee0e9ab
58270245,2024-06-17 12:34:56,0x469ca07f2a23e769e8e344ccdaaf3df0fa85a5c3aa74785883865f77da3fb136,39,302,"['0x804c9b842b2748a22bb64b345453a3de7ca54a6ca45ce00d415894979e22897a', '0x0000000000000000000000002791bca1f2de4661ed88a30c99a7a9449aa84174']",0x0000000000000000000000000000000000000000002fb2e04af87dda5af895b20000000000000000000000000000000000000000005ec72d63f25add825fce1e0000000000000000000000000000000000000000004bc36cd5bdff2e977c1a4d0000000000000000000000000000000000000000038bf499d012aaf3bec01e0f000000000000000000000000000000000000000003b16edfa0090b706fd9512f
58270253,2024-06-17 12:35:12,0x2821e08a1f2aec4df3ed7745667612bdeccf3d8a33a3925baaadedf636cdf18f,4,24,"['0x804c9b842b2748a22bb64b345453a3de7ca54a6ca45ce00d415894979e22897a', '0x0000000000000000000000002791bca1f2de4661ed88a30c99a7a9449aa84174']",0x0000000000000000000000000000000000000000002fa232115ecaa9c93742c70000000000000000000000000000000000000000005ec682d541e41f510bd15c0000000000000000000000000000000000000000004bb619aff4b852bcec5b2d0000000000000000000000000000000000000000038bf49b8dbbce7229a78eaa000000000000000000000000000000000000000003b16ee2812131ffa2c4f4c0
58270253,2024-06-17 12:35:12,0x2821e08a1f2aec4df3ed7745667612bdeccf3d8a33a3925baaadedf636cdf18f,4,27,"['0xa534c8dbe71f871f9f3530e97a74601fea17b426cae02e1c5aee42c96c784051', '0x0000000000000000000000002791bca1f2de4661ed88a30c99a7a9449aa84174', '0x000000000000000000000000caf744e0f6d8dbd082cf2f86028f2e1abfc7befb', '0x0000000000000000000000007211ec72499d0b31a938174c8f287a2bee7289fb']",0x00000000000000000000000000000000000000000000000000000004a817c8000000000000000000000000000000000000000000000000000000000000000000
58270447,2024-06-17 12:42:04,0x2b94abe92038b496f408bec9ce8e438ada2487b9d3e81a24f9db00962f84120d,106,536,"['0x804c9b842b2748a22bb64b345453a3de7ca54a6ca45ce00d415894979e22897a', '0x0000000000000000000000002791bca1f2de4661ed88a30c99a7a9449aa84174']",0x0000000000000000000000000000000000000000002fa2448570bbf989a561bc0000000000000000000000000000000000000000005ec68395e05c88098eb5ab0000000000000000000000000000000000000000004bb628bc562081272631520000000000000000000000000000000000000000038bf4c851d20fb9d1782394000000000000000000000000000000000000000003b16f2c9847f91a2c05fb51
58270447,2024-06-17 12:42:04,0x2b94abe92038b496f408bec9ce8e438ada2487b9d3e81a24f9db00962f84120d,106,540,"['0x3115d1449a7b732c986cba18244e897a450f61e1bb8d589cd2e69e6c8924f9f7', '0x0000000000000000000000002791bca1f2de4661ed88a30c99a7a9449aa84174', '0x000000000000000000000000f83c4002f143cfdc9081cc3815e36d3cc2e2a75f', '0x000000000000000000000000f83c4002f143cfdc9081cc3815e36d3cc2e2a75f']",0x0000000000000000000000000000000000000000000000000000000005f5e100
58270534,2024-06-17 12:45:10,0x207d5d3c9fb7b8773e70339313538ef44520ee863add7374ec11a5d5fdf74431,61,380,"['0x804c9b842b2748a22bb64b345453a3de7ca54a6ca45ce00d415894979e22897a', '0x0000000000000000000000002791bca1f2de4661ed88a30c99a7a9449aa84174']",0x0000000000000000000000000000000000000000002fa4f3c7c0d434a474f2bb0000000000000000000000000000000000000000005ec69fb6b14a8fa730f5e30000000000000000000000000000000000000000004bb85b4ca8b91977d335bb0000000000000000000000000000000000000000038bf4dc87956681a3fe3e80000000000000000000000000000000000000000003b16f4e0b279f4f73365f83
58270534,2024-06-17 12:45:10,0x207d5d3c9fb7b8773e70339313538ef44520ee863add7374ec11a5d5fdf74431,61,385,"['0x3115d1449a7b732c986cba18244e897a450f61e1bb8d589cd2e69e6c8924f9f7', '0x0000000000000000000000002791bca1f2de4661ed88a30c99a7a9449aa84174', '0x0000000000000000000000009fb2e86637d4bb0b8092db29e9c43caa8634c9e9', '0x0000000000000000000000009fb2e86637d4bb0b8092db29e9c43caa8634c9e9']",0x00000000000000000000000000000000000000000000000000000000ee6ff0c2
58270625,2024-06-17 12:48:24,0xb45e4f12f122b86573cba572a408211a3c3a12d4c4bd13a90ade2e63dd68858d,61,169,"['0x804c9b842b2748a22bb64b345453a3de7ca54a6ca45ce00d415894979e22897a', '0x0000000000000000000000002791bca1f2de4661ed88a30c99a7a9449aa84174']",0x0000000000000000000000000000000000000000002f8bf34b197c01db482b000000000000000000000000000000000000000000005ec59fde71914b585212590000000000000000000000000000000000000000004ba45e67ae3fc34e696ef40000000000000000000000000000000000000000038bf4f19d105d55e7cad509000000000000000000000000000000000000000003b16f70ef57712adf4b20e5
58270625,2024-06-17 12:48:24,0xb45e4f12f122b86573cba572a408211a3c3a12d4c4bd13a90ade2e63dd68858d,61,172,"['0xa534c8dbe71f871f9f3530e97a74601fea17b426cae02e1c5aee42c96c784051', '0x0000000000000000000000002791bca1f2de4661ed88a30c99a7a9449aa84174', '0x000000000000000000000000caf744e0f6d8dbd082cf2f86028f2e1abfc7befb', '0x0000000000000000000000007211ec72499d0b31a938174c8f287a2bee7289fb']",0x00000000000000000000000000000000000000000000000000000006fc23ac000000000000000000000000000000000000000000000000000000000000000000
58270635,2024-06-17 12:48:44,0x32de49265f437000877b94935da37c836ebbf51756c8f66fbade48fdbf8c28a8,35,185,"['0x804c9b842b2748a22bb64b345453a3de7ca54a6ca45ce00d415894979e22897a', '0x0000000000000000000000002791bca1f2de4661ed88a30c99a7a9449aa84174']",0x0000000000000000000000000000000000000000002f9cb2e91dfc9feffe24a60000000000000000000000000000000000000000005ec64f7b1e518efb728b050000000000000000000000000000000000000000004bb216a52d450c0cf2dc6b0000000000000000000000000000000000000000038bf4f3c85d61ae8aaf926c000000000000000000000000000000000000000003b16f74873c80ed46dbd899
58270635,2024-06-17 12:48:44,0x32de49265f437000877b94935da37c836ebbf51756c8f66fbade48fdbf8c28a8,35,189,"['0x3115d1449a7b732c986cba18244e897a450f61e1bb8d589cd2e69e6c8924f9f7', '0x0000000000000000000000002791bca1f2de4661ed88a30c99a7a9449aa84174', '0x0000000000000000000000009324cb8c93d83a94978353e7c9c42f6d72d9ed96', '0x0000000000000000000000009324cb8c93d83a94978353e7c9c42f6d72d9ed96']",0x00000000000000000000000000000000000000000000000000000005d21dba00
58270667,2024-06-17 12:49:52,0xc318b2d6a6cbda795e1c472cd9a3b29187bdce3ff35d0a59e5ea4cacb2128b6b,41,241,"['0x804c9b842b2748a22bb64b345453a3de7ca54a6ca45ce00d415894979e22897a', '0x0000000000000000000000002791bca1f2de4661ed88a30c99a7a9449aa84174']",0x0000000000000000000000000000000000000000002f99c3d2426da462a769ba0000000000000000000000000000000000000000005ec63175f1aab48d4f680b0000000000000000000000000000000000000000004bafbe3db03bfb723420d20000000000000000000000000000000000000000038bf4fb2afc5205da56ded2000000000000000000000000000000000000000003b16f80c1184bba668c6652
58270667,2024-06-17 12:49:52,0xc318b2d6a6cbda795e1c472cd9a3b29187bdce3ff35d0a59e5ea4cacb2128b6b,41,244,"['0xa534c8dbe71f871f9f3530e97a74601fea17b426cae02e1c5aee42c96c784051', '0x0000000000000000000000002791bca1f2de4661ed88a30c99a7a9449aa84174', '0x0000000000000000000000001c4a24d63d698a6bcec6d4aeaa44e8c49bd277f8', '0x0000000000000000000000001c4a24d63d698a6bcec6d4aeaa44e8c49bd277f8']",0x00000000000000000000000000000000000000000000000000000000d1b4b1400000000000000000000000000000000000000000000000000000000000000000
58270789,2024-06-17 12:54:12,0xf0387cafa830a0ee3ef2c0e80af8811e34cb290d7fa75fc4889ced09bbff5e41,27,220,"['0x804c9b842b2748a22bb64b345453a3de7ca54a6ca45ce00d415894979e22897a', '0x0000000000000000000000002791bca1f2de4661ed88a30c99a7a9449aa84174']",0x0000000000000000000000000000000000000000003065b32bc912c3c7cd64120000000000000000000000000000000000000000005ece8270fedfa15fd4948c0000000000000000000000000000000000000000004c5611dab85e7be49b9ae60000000000000000000000000000000000000000038bf5176617460f87fe0098000000000000000000000000000000000000000003b16faf7ec22c8d0f794e23
58270789,2024-06-17 12:54:12,0xf0387cafa830a0ee3ef2c0e80af8811e34cb290d7fa75fc4889ced09bbff5e41,27,225,"['0x3115d1449a7b732c986cba18244e897a450f61e1bb8d589cd2e69e6c8924f9f7', '0x0000000000000000000000002791bca1f2de4661ed88a30c99a7a9449aa84174', '0x0000000000000000000000008290fda77c43437ab141d02ebc05f95bdd96e182', '0x0000000000000000000000008290fda77c43437ab141d02ebc05f95bdd96e182']",0x00000000000000000000000000000000000000000000000000000045ecb646a8
58270789,2024-06-17 12:54:12,0xf0387cafa830a0ee3ef2c0e80af8811e34cb290d7fa75fc4889ced09bbff5e41,27,243,"['0x804c9b842b2748a22bb64b345453a3de7ca54a6ca45ce00d415894979e22897a', '0x0000000000000000000000002791bca1f2de4661ed88a30c99a7a9449aa84174']",0x0000000000000000000000000000000000000000002f99667a2134b86f1907fb0000000000000000000000000000000000000000005ec62da2f079d45807318d0000000000000000000000000000000000000000004baf71c1986a77488fdf080000000000000000000000000000000000000000038bf5176617460f87fe0098000000000000000000000000000000000000000003b16faf7ec22c8d0f794e23
58270789,2024-06-17 12:54:12,0xf0387cafa830a0ee3ef2c0e80af8811e34cb290d7fa75fc4889ced09bbff5e41,27,249,"['0x2b627736bca15cd5381dcf80b0bf11fd197d01a037c52b927a881a10fb73ba61', '0x0000000000000000000000002791bca1f2de4661ed88a30c99a7a9449aa84174', '0x0000000000000000000000008290fda77c43437ab141d02ebc05f95bdd96e182', '0x0000000000000000000000000000000000000000000000000000000000000000']",0x0000000000000000000000008290fda77c43437ab141d02ebc05f95bdd96e182000000000000000000000000000000000000000000000000000000460d693698
58271153,2024-06-17 13:07:06,0x21d9509374ede5f825c5c116259a64fdcb491a75f880d7d9e8bdba7c187fce7d,8,23,"['0x804c9b842b2748a22bb64b345453a3de7ca54a6ca45ce00d415894979e22897a', '0x0000000000000000000000002791bca1f2de4661ed88a30c99a7a9449aa84174']",0x0000000000000000000000000000000000000000002f7a274640999f864407d10000000000000000000000000000000000000000005ec4edac9c054bcce1ad6e0000000000000000000000000000000000000000004b967282ff4fcc69a18ca30000000000000000000000000000000000000000038bf56b6ffe6db4af92546d000000000000000000000000000000000000000003b1703aa31f6ab61e1e58e2
58271153,2024-06-17 13:07:06,0x21d9509374ede5f825c5c116259a64fdcb491a75f880d7d9e8bdba7c187fce7d,8,26,"['0xa534c8dbe71f871f9f3530e97a74601fea17b426cae02e1c5aee42c96c784051', '0x0000000000000000000000002791bca1f2de4661ed88a30c99a7a9449aa84174', '0x000000000000000000000000caf744e0f6d8dbd082cf2f86028f2e1abfc7befb', '0x0000000000000000000000007211ec72499d0b31a938174c8f287a2bee7289fb']",0x00000000000000000000000000000000000000000000000000000008bb2c97000000000000000000000000000000000000000000000000000000000000000000
58271362,2024-06-17 13:14:30,0x2b6998705bd8c1c7df8840fa0fe060ff634ba1634d39bb5d0d294f28475910cf,60,163,"['0x804c9b842b2748a22bb64b345453a3de7ca54a6ca45ce00d415894979e22897a', '0x0000000000000000000000002791bca1f2de4661ed88a30c99a7a9449aa84174']",0x0000000000000000000000000000000000000000002f7a0b0dfe70a3deeb848d0000000000000000000000000000000000000000005ec4ec839309a9b6d394b90000000000000000000000000000000000000000004b965b4e4ba722b0879e7b0000000000000000000000000000000000000000038bf59b85ac5929a54865f3000000000000000000000000000000000000000003b1708a5a2f1e028cb94c3a
58271362,2024-06-17 13:14:30,0x2b6998705bd8c1c7df8840fa0fe060ff634ba1634d39bb5d0d294f28475910cf,60,168,"['0x2b627736bca15cd5381dcf80b0bf11fd197d01a037c52b927a881a10fb73ba61', '0x0000000000000000000000002791bca1f2de4661ed88a30c99a7a9449aa84174', '0x000000000000000000000000510c2920e99bebf6c6681a3301e8f3bb87a1351a', '0x0000000000000000000000000000000000000000000000000000000000000000']",0x000000000000000000000000510c2920e99bebf6c6681a3301e8f3bb87a1351a000000000000000000000000000000000000000000000000000000000a4fc540
58271427,2024-06-17 13:16:48,0xa37a10d146feca644ffef1562bff47dbba07220def97d86a392952270174ea9f,73,247,"['0x804c9b842b2748a22bb64b345453a3de7ca54a6ca45ce00d415894979e22897a', '0x0000000000000000000000002791bca1f2de4661ed88a30c99a7a9449aa84174']",0x0000000000000000000000000000000000000000002f7a0ae9ec37f7dbe0ef140000000000000000000000000000000000000000005ec4ec81d88fe59f731a880000000000000000000000000000000000000000004b965b2bba23d0dcfe12a80000000000000000000000000000000000000000038bf5aa779f8079d1318c0a000000000000000000000000000000000000000003b170a320e51c715442c919
58271427,2024-06-17 13:16:48,0xa37a10d146feca644ffef1562bff47dbba07220def97d86a392952270174ea9f,73,253,"['0x2b627736bca15cd5381dcf80b0bf11fd197d01a037c52b927a881a10fb73ba61', '0x0000000000000000000000002791bca1f2de4661ed88a30c99a7a9449aa84174', '0x00000000000000000000000054c54eb280e828440aebfb731da1b6f449bac697', '0x0000000000000000000000000000000000000000000000000000000000000000']",0x00000000000000000000000054c54eb280e828440aebfb731da1b6f449bac6970000000000000000000000000000000000000000000000000000000000332dd3
58271545,2024-06-17 13:20:58,0xc75ef8c39fb1b9c04e91a5da400bcd70d6aac7e651793f3428630eff44166c9e,20,84,"['0x804c9b842b2748a22bb64b345453a3de7ca54a6ca45ce00d415894979e22897a', '0x0000000000000000000000002791bca1f2de4661ed88a30c99a7a9449aa84174']",0x0000000000000000000000000000000000000000002f794ac81697491a5b93550000000000000000000000000000000000000000005ec4e4d0d53f810bb93b8e0000000000000000000000000000000000000000004b95c15777dbf55278a71b0000000000000000000000000000000000000000038bf5c58ab167fe6fb1dc0c000000000000000000000000000000000000000003b170d00351c65bc87a9a52
58271545,2024-06-17 13:20:58,0xc75ef8c39fb1b9c04e91a5da400bcd70d6aac7e651793f3428630eff44166c9e,20,87,"['0xa534c8dbe71f871f9f3530e97a74601fea17b426cae02e1c5aee42c96c784051', '0x0000000000000000000000002791bca1f2de4661ed88a30c99a7a9449aa84174', '0x000000000000000000000000470e2c101884d0686327547a7b1b96a5c741f34e', '0x000000000000000000000000470e2c101884d0686327547a7b1b96a5c741f34e']",0x0000000000000000000000000000000000000000000000000000000035ed76fe0000000000000000000000000000000000000000000000000000000000000000
58271637,2024-06-17 13:24:14,0x13f0be544c27cd5a01cb5aba4927986ffed24c9d48e3fa41d625aa6e8fe341fc,18,60,"['0x804c9b842b2748a22bb64b345453a3de7ca54a6ca45ce00d415894979e22897a', '0x0000000000000000000000002791bca1f2de4661ed88a30c99a7a9449aa84174']",0x000000000000000000000000000000000000000000304509d1fc7003daba60df0000000000000000000000000000000000000000005ecd36cdee3c5649ea2a740000000000000000000000000000000000000000004c3c291d6b9c9e2e4b51200000000000000000000000000000000000000000038bf5dac4519983c6f7f354000000000000000000000000000000000000000003b170f33389cd7cdd9ce31d
58271637,2024-06-17 13:24:14,0x13f0be544c27cd5a01cb5aba4927986ffed24c9d48e3fa41d625aa6e8fe341fc,18,65,"['0x3115d1449a7b732c986cba18244e897a450f61e1bb8d589cd2e69e6c8924f9f7', '0x0000000000000000000000002791bca1f2de4661ed88a30c99a7a9449aa84174', '0x0000000000000000000000008290fda77c43437ab141d02ebc05f95bdd96e182', '0x0000000000000000000000008290fda77c43437ab141d02ebc05f95bdd96e182']",0x000000000000000000000000000000000000000000000000000000460d784962
58271637,2024-06-17 13:24:14,0x13f0be544c27cd5a01cb5aba4927986ffed24c9d48e3fa41d625aa6e8fe341fc,18,83,"['0x804c9b842b2748a22bb64b345453a3de7ca54a6ca45ce00d415894979e22897a', '0x0000000000000000000000002791bca1f2de4661ed88a30c99a7a9449aa84174']",0x0000000000000000000000000000000000000000002f78e71f3bbdad4f4ac4690000000000000000000000000000000000000000005ec4e0ba4589eb9981f8bf0000000000000000000000000000000000000000004b956f943dac4866276ee60000000000000000000000000000000000000000038bf5dac4519983c6f7f354000000000000000000000000000000000000000003b170f33389cd7cdd9ce31d
58271637,2024-06-17 13:24:14,0x13f0be544c27cd5a01cb5aba4927986ffed24c9d48e3fa41d625aa6e8fe341fc,18,89,"['0x2b627736bca15cd5381dcf80b0bf11fd197d01a037c52b927a881a10fb73ba61', '0x0000000000000000000000002791bca1f2de4661ed88a30c99a7a9449aa84174', '0x0000000000000000000000008290fda77c43437ab141d02ebc05f95bdd96e182', '0x0000000000000000000000000000000000000000000000000000000000000000']",0x0000000000000000000000008290fda77c43437ab141d02ebc05f95bdd96e182000000000000000000000000000000000000000000000000000000463063b2f3
58272098,2024-06-17 13:40:34,0xa42836b065533b47fd07c3534da6f2e7297a735ec85de5c76d9854f9695d053d,70,326,"['0x804c9b842b2748a22bb64b345453a3de7ca54a6ca45ce00d415894979e22897a', '0x0000000000000000000000002791bca1f2de4661ed88a30c99a7a9449aa84174']",0x0000000000000000000000000000000000000000002f77c909af633324435e3e0000000000000000000000000000000000000000005ec4d4fd26d9231646ebdd0000000000000000000000000000000000000000004b9484cdd7dc9e258a6d540000000000000000000000000000000000000000038bf644e3964361143de40f000000000000000000000000000000000000000003b171a323f743cc1da5db24
58272098,2024-06-17 13:40:34,0xa42836b065533b47fd07c3534da6f2e7297a735ec85de5c76d9854f9695d053d,70,331,"['0x2b627736bca15cd5381dcf80b0bf11fd197d01a037c52b927a881a10fb73ba61', '0x0000000000000000000000002791bca1f2de4661ed88a30c99a7a9449aa84174', '0x0000000000000000000000001ee585dcea25cbda16be8cfefa381a1f32aca418', '0x0000000000000000000000000000000000000000000000000000000000000000']",0x0000000000000000000000001ee585dcea25cbda16be8cfefa381a1f32aca4180000000000000000000000000000000000000000000000000000000064b4ea43
58272314,2024-06-17 13:48:12,0x014e5cdf2a8731f02c157b8b12d10a971255807869a49fc57b96bb4d3a94bfc1,31,65,"['0x804c9b842b2748a22bb64b345453a3de7ca54a6ca45ce00d415894979e22897a', '0x0000000000000000000000002791bca1f2de4661ed88a30c99a7a9449aa84174']",0x0000000000000000000000000000000000000000002f5ed22297e6fb3f4ef46d0000000000000000000000000000000000000000005ec3d504dbbcd299739b9d0000000000000000000000000000000000000000004b808567f9a654650828440000000000000000000000000000000000000000038bf6767afb531c561b6f30000000000000000000000000000000000000000003b171f55c849c9f1eabeea3
58272314,2024-06-17 13:48:12,0x014e5cdf2a8731f02c157b8b12d10a971255807869a49fc57b96bb4d3a94bfc1,31,68,"['0xa534c8dbe71f871f9f3530e97a74601fea17b426cae02e1c5aee42c96c784051', '0x0000000000000000000000002791bca1f2de4661ed88a30c99a7a9449aa84174', '0x000000000000000000000000caf744e0f6d8dbd082cf2f86028f2e1abfc7befb', '0x0000000000000000000000007211ec72499d0b31a938174c8f287a2bee7289fb']",0x00000000000000000000000000000000000000000000000000000006fc23ac000000000000000000000000000000000000000000000000000000000000000000
58272471,2024-06-17 13:53:46,0x75c3cc6466570326e99d9ce41da00259f8ed00bd65d9f93ad7bd254ec5310f80,64,373,"['0x804c9b842b2748a22bb64b345453a3de7ca54a6ca45ce00d415894979e22897a', '0x0000000000000000000000002791bca1f2de4661ed88a30c99a7a9449aa84174']",0x0000000000000000000000000000000000000000002fa2ef3edb813483f808b10000000000000000000000000000000000000000005ec69fdfda42f1b46925de0000000000000000000000000000000000000000004bb85e83dc20c28036f5540000000000000000000000000000000000000000038bf69a922ee2649a0fcadf000000000000000000000000000000000000000003b17231427d0184ab1b87de
58272471,2024-06-17 13:53:46,0x75c3cc6466570326e99d9ce41da00259f8ed00bd65d9f93ad7bd254ec5310f80,64,378,"['0x3115d1449a7b732c986cba18244e897a450f61e1bb8d589cd2e69e6c8924f9f7', '0x0000000000000000000000002791bca1f2de4661ed88a30c99a7a9449aa84174', '0x000000000000000000000000ef8cf342cc938bd884f46263a56a26cb89f17dc6', '0x000000000000000000000000ef8cf342cc938bd884f46263a56a26cb89f17dc6']",0x00000000000000000000000000000000000000000000000000000017abcb270f
58272484,2024-06-17 13:54:14,0x4d83b265282ab7f03eaa04265be5936acbde607240404d5f24d3d99552570b54,95,165,"['0x804c9b842b2748a22bb64b345453a3de7ca54a6ca45ce00d415894979e22897a', '0x0000000000000000000000002791bca1f2de4661ed88a30c99a7a9449aa84174']",0x00000000000000000000000000000000000000000030705e9f1a98e74ea3fa310000000000000000000000000000000000000000005eceffeebc2197dc4c79390000000000000000000000000000000000000000004c5fdfad8185bd9df978780000000000000000000000000000000000000000038bf69d9d13f085c53a50f6000000000000000000000000000000000000000003b172364baf9131f44c5188
58272484,2024-06-17 13:54:14,0x4d83b265282ab7f03eaa04265be5936acbde607240404d5f24d3d99552570b54,95,170,"['0x3115d1449a7b732c986cba18244e897a450f61e1bb8d589cd2e69e6c8924f9f7', '0x0000000000000000000000002791bca1f2de4661ed88a30c99a7a9449aa84174', '0x0000000000000000000000008290fda77c43437ab141d02ebc05f95bdd96e182', '0x0000000000000000000000008290fda77c43437ab141d02ebc05f95bdd96e182']",0x000000000000000000000000000000000000000000000000000000463072c2ef
58272484,2024-06-17 13:54:14,0x4d83b265282ab7f03eaa04265be5936acbde607240404d5f24d3d99552570b54,95,189,"['0x804c9b842b2748a22bb64b345453a3de7ca54a6ca45ce00d415894979e22897a', '0x0000000000000000000000002791bca1f2de4661ed88a30c99a7a9449aa84174']",0x0000000000000000000000000000000000000000002fa3d939c19b58286825cc0000000000000000000000000000000000000000005ec6a973f601a3b45a031a0000000000000000000000000000000000000000004bb91e160706aa7f083e000000000000000000000000000000000000000000038bf69d9d13f085c53a50f6000000000000000000000000000000000000000003b172364baf9131f44c5188
58272484,2024-06-17 13:54:14,0x4d83b265282ab7f03eaa04265be5936acbde607240404d5f24d3d99552570b54,95,195,"['0x2b627736bca15cd5381dcf80b0bf11fd197d01a037c52b927a881a10fb73ba61', '0x0000000000000000000000002791bca1f2de4661ed88a30c99a7a9449aa84174', '0x0000000000000000000000008290fda77c43437ab141d02ebc05f95bdd96e182', '0x0000000000000000000000000000000000000000000000000000000000000000']",0x0000000000000000000000008290fda77c43437ab141d02ebc05f95bdd96e18200000000000000000000000000000000000000000000000000000045df833338
58272569,2024-06-17 13:57:14,0xed78ec1af76af15db70b826a24f3a1500f2747cc8a623142ddd504e77b721d3f,49,388,"['0x804c9b842b2748a22bb64b345453a3de7ca54a6ca45ce00d415894979e22897a', '0x0000000000000000000000002791bca1f2de4661ed88a30c99a7a9449aa84174']",0x0000000000000000000000000000000000000000002fa3d9ce77d0f9945f0fee0000000000000000000000000000000000000000005ec6a979b87fd0c25c3d9f0000000000000000000000000000000000000000004bb91e8938e22f9734d06d0000000000000000000000000000000000000000038bf6b12ca249c25ecaa336000000000000000000000000000000000000000003b17256abb4dd228b7f368a
58272569,2024-06-17 13:57:14,0xed78ec1af76af15db70b826a24f3a1500f2747cc8a623142ddd504e77b721d3f,49,392,"['0x3115d1449a7b732c986cba18244e897a450f61e1bb8d589cd2e69e6c8924f9f7', '0x0000000000000000000000002791bca1f2de4661ed88a30c99a7a9449aa84174', '0x000000000000000000000000c374bc86e199bd8a6ef88b62c0f49ca647f8ae6d', '0x000000000000000000000000c374bc86e199bd8a6ef88b62c0f49ca647f8ae6d']",0x00000000000000000000000000000000000000000000000000000000000186a0
58272688,2024-06-17 14:01:28,0xea3c3ee24e83145f5e078521ae5532d6d2d1a92734fa6587dcff2c419ca4e271,8,19,"['0x804c9b842b2748a22bb64b345453a3de7ca54a6ca45ce00d415894979e22897a', '0x0000000000000000000000002791bca1f2de4661ed88a30c99a7a9449aa84174']",0x0000000000000000000000000000000000000000002f8ac3c9b64eca2c1947a30000000000000000000000000000000000000000005ec5a8bb3e81b2d87555480000000000000000000000000000000000000000004ba50fa7b107d9512aa9a20000000000000000000000000000000000000000038bf6ccc6db05b89825b0ba000000000000000000000000000000000000000003b172845b087371c34a624c
58272688,2024-06-17 14:01:28,0xea3c3ee24e83145f5e078521ae5532d6d2d1a92734fa6587dcff2c419ca4e271,8,22,"['0xa534c8dbe71f871f9f3530e97a74601fea17b426cae02e1c5aee42c96c784051', '0x0000000000000000000000002791bca1f2de4661ed88a30c99a7a9449aa84174', '0x000000000000000000000000caf744e0f6d8dbd082cf2f86028f2e1abfc7befb', '0x0000000000000000000000007211ec72499d0b31a938174c8f287a2bee7289fb']",0x00000000000000000000000000000000000000000000000000000006fc23ac000000000000000000000000000000000000000000000000000000000000000000
58272706,2024-06-17 14:02:06,0x546b85c6611409a66a3033d6f4db4f650d938a8dc03503c666973261011c46cf,65,291,"['0x804c9b842b2748a22bb64b345453a3de7ca54a6ca45ce00d415894979e22897a', '0x0000000000000000000000002791bca1f2de4661ed88a30c99a7a9449aa84174']",0x0000000000000000000000000000000000000000002fa259d939f35a8a9f2b780000000000000000000000000000000000000000005ec6a0103b8e50dd161b5e0000000000000000000000000000000000000000004bb8624b760431adba23580000000000000000000000000000000000000000038bf6d0e5d534063fc3d4cd000000000000000000000000000000000000000003b1728b2eeaf6e29b32f3d2
58272706,2024-06-17 14:02:06,0x546b85c6611409a66a3033d6f4db4f650d938a8dc03503c666973261011c46cf,65,296,"['0x3115d1449a7b732c986cba18244e897a450f61e1bb8d589cd2e69e6c8924f9f7', '0x0000000000000000000000002791bca1f2de4661ed88a30c99a7a9449aa84174', '0x000000000000000000000000e3090207a2de94a856ea10a7e1bd36dd6145712b', '0x000000000000000000000000e3090207a2de94a856ea10a7e1bd36dd6145712b']",0x0000000000000000000000000000000000000000000000000000000412af6765
58272706,2024-06-17 14:02:06,0x546b85c6611409a66a3033d6f4db4f650d938a8dc03503c666973261011c46cf,65,299,"['0x804c9b842b2748a22bb64b345453a3de7ca54a6ca45ce00d415894979e22897a', '0x0000000000000000000000002791bca1f2de4661ed88a30c99a7a9449aa84174']",0x0000000000000000000000000000000000000000002f96839ad3f79ed402342f0000000000000000000000000000000000000000005ec623f7c5465b887369c60000000000000000000000000000000000000000004baeb0623865071104436c0000000000000000000000000000000000000000038bf6dfc3cb1c607c89c108000000000000000000000000000000000000000003b1728b2eeaf6e29b32f3d2
58272709,2024-06-17 14:02:12,0x58f0d6f5116eef629c50104e49a93255cdcd9e5f407a1a7926aa94e62a9b4469,73,336,"['0x804c9b842b2748a22bb64b345453a3de7ca54a6ca45ce00d415894979e22897a', '0x0000000000000000000000002791bca1f2de4661ed88a30c99a7a9449aa84174']",0x0000000000000000000000000000000000000000002f96c05a20f5f49cfc45d60000000000000000000000000000000000000000005ec62674c5ee6f940da84c0000000000000000000000000000000000000000004baee226458697f91125f10000000000000000000000000000000000000000038bf6e06a87952ce1d7cf76000000000000000000000000000000000000000003b1728c430970759b588750
58272709,2024-06-17 14:02:12,0x58f0d6f5116eef629c50104e49a93255cdcd9e5f407a1a7926aa94e62a9b4469,73,341,"['0x3115d1449a7b732c986cba18244e897a450f61e1bb8d589cd2e69e6c8924f9f7', '0x0000000000000000000000002791bca1f2de4661ed88a30c99a7a9449aa84174', '0x000000000000000000000000c4aff49fced8ac1d818a6dcab063f9f97e66ec5e', '0x000000000000000000000000c4aff49fced8ac1d818a6dcab063f9f97e66ec5e']",0x000000000000000000000000000000000000000000000000000000001506c5ca
58272834,2024-06-17 14:06:38,0x80f53c0e21d92e2e7d461ffcec60c0b0053a17dbd7ea03992a28cb5c95646d27,138,522,"['0x804c9b842b2748a22bb64b345453a3de7ca54a6ca45ce00d415894979e22897a', '0x0000000000000000000000002791bca1f2de4661ed88a30c99a7a9449aa84174']",0x0000000000000000000000000000000000000000002f96be9d4a3916dc7fec520000000000000000000000000000000000000000005ec6266211451f65410a5f0000000000000000000000000000000000000000004baee0b0284c545114cf680000000000000000000000000000000000000000038bf6fd4aa561ec210b16fa000000000000000000000000000000000000000003b172bc14712c3192c2ed68
58272834,2024-06-17 14:06:38,0x80f53c0e21d92e2e7d461ffcec60c0b0053a17dbd7ea03992a28cb5c95646d27,138,527,"['0x2b627736bca15cd5381dcf80b0bf11fd197d01a037c52b927a881a10fb73ba61', '0x0000000000000000000000002791bca1f2de4661ed88a30c99a7a9449aa84174', '0x0000000000000000000000003c33a528197b12088de84f367b128abadb0afb2f', '0x0000000000000000000000000000000000000000000000000000000000000000']",0x0000000000000000000000003c33a528197b12088de84f367b128abadb0afb2f0000000000000000000000000000000000000000000000000000000000e3e5e1
58272874,2024-06-17 14:08:02,0x78e7c55e557b15642360c5885db633e32b790b848e205091be9fda739ff73e47,68,378,"['0x804c9b842b2748a22bb64b345453a3de7ca54a6ca45ce00d415894979e22897a', '0x0000000000000000000000002791bca1f2de4661ed88a30c99a7a9449aa84174']",0x0000000000000000000000000000000000000000002f96acabd2edda44641b7d0000000000000000000000000000000000000000005ec625aa554b73a9a636620000000000000000000000000000000000000000004baed25578cae9a8fc3f980000000000000000000000000000000000000000038bf70668ff9794c9e4c6ad000000000000000000000000000000000000000003b172cb2e265a184c76f2e1
58272874,2024-06-17 14:08:02,0x78e7c55e557b15642360c5885db633e32b790b848e205091be9fda739ff73e47,68,381,"['0xa534c8dbe71f871f9f3530e97a74601fea17b426cae02e1c5aee42c96c784051', '0x0000000000000000000000002791bca1f2de4661ed88a30c99a7a9449aa84174', '0x000000000000000000000000510c2920e99bebf6c6681a3301e8f3bb87a1351a', '0x000000000000000000000000510c2920e99bebf6c6681a3301e8f3bb87a1351a']",0x000000000000000000000000000000000000000000000000000000000510ff400000000000000000000000000000000000000000000000000000000000000000
58272945,2024-06-17 14:10:34,0xca368371fc4ea3f8adec95729fdabe7f9858ca7e03c18b57a23e142404f8057b,102,507,"['0x804c9b842b2748a22bb64b345453a3de7ca54a6ca45ce00d415894979e22897a', '0x0000000000000000000000002791bca1f2de4661ed88a30c99a7a9449aa84174']",0x0000000000000000000000000000000000000000002f95d6f55228c79e7ba10e0000000000000000000000000000000000000000005ec61d1ecc68543c8649c60000000000000000000000000000000000000000004bae276ec70c75227dc36a0000000000000000000000000000000000000000038bf716e90a7cb6da3f7428000000000000000000000000000000000000000003b172e68138de70d11eba8d
58272945,2024-06-17 14:10:34,0xca368371fc4ea3f8adec95729fdabe7f9858ca7e03c18b57a23e142404f8057b,102,510,"['0xa534c8dbe71f871f9f3530e97a74601fea17b426cae02e1c5aee42c96c784051', '0x0000000000000000000000002791bca1f2de4661ed88a30c99a7a9449aa84174', '0x0000000000000000000000008f8d19aeaa36f706292a0f04686b08f5ea41055b', '0x000000000000000000000000b58fd91558fa213d97ac94c97f831c7289278084']",0x000000000000000000000000000000000000000000000000000000003b9aca000000000000000000000000000000000000000000000000000000000000000000
58273049,2024-06-17 14:14:14,0x3f949a126423376307687dc429152c576d677c695ab6ceb38030e6877e88c052,7,15,"['0x804c9b842b2748a22bb64b345453a3de7ca54a6ca45ce00d415894979e22897a', '0x0000000000000000000000002791bca1f2de4661ed88a30c99a7a9449aa84174']",0x0000000000000000000000000000000000000000002f95d3d2c3875f8d50a62e0000000000000000000000000000000000000000005ec61cfd85bee7a1b0397f0000000000000000000000000000000000000000004bae24d541cff909c47deb0000000000000000000000000000000000000000038bf72eca5e993fc9029b41000000000000000000000000000000000000000003b1730e0d53577d8df25f2f
58273049,2024-06-17 14:14:14,0x3f949a126423376307687dc429152c576d677c695ab6ceb38030e6877e88c052,7,20,"['0x2b627736bca15cd5381dcf80b0bf11fd197d01a037c52b927a881a10fb73ba61', '0x0000000000000000000000002791bca1f2de4661ed88a30c99a7a9449aa84174', '0x0000000000000000000000003c33a528197b12088de84f367b128abadb0afb2f', '0x0000000000000000000000000000000000000000000000000000000000000000']",0x0000000000000000000000003c33a528197b12088de84f367b128abadb0afb2f000000000000000000000000000000000000000000000000000000000153014a
58273071,2024-06-17 14:15:00,0x20c7b9386b354dea6b68eda2e1eebf72c3affdde6ed91071c78da4535b7f569a,74,321,"['0x804c9b842b2748a22bb64b345453a3de7ca54a6ca45ce00d415894979e22897a', '0x0000000000000000000000002791bca1f2de4661ed88a30c99a7a9449aa84174']",0x0000000000000000000000000000000000000000002f95f1fd0c3192d8c5543e0000000000000000000000000000000000000000005ec61e39c50fd9f56e39f00000000000000000000000000000000000000000004bae3d8a3422e7949c86bd0000000000000000000000000000000000000000038bf733c89c34c46f532e78000000000000000000000000000000000000000003b17316522ee94058c14abb
58273071,2024-06-17 14:15:00,0x20c7b9386b354dea6b68eda2e1eebf72c3affdde6ed91071c78da4535b7f569a,74,325,"['0x3115d1449a7b732c986cba18244e897a450f61e1bb8d589cd2e69e6c8924f9f7', '0x0000000000000000000000002791bca1f2de4661ed88a30c99a7a9449aa84174', '0x0000000000000000000000002c616f5dc3d482010d870d8a01b72cbb1711254a', '0x0000000000000000000000001ce8caa15e154aa8909b3cc68e34f7a02aff2b55']",0x000000000000000000000000000000000000000000000000000000000a651ef3
58273225,2024-06-17 14:20:28,0x4a58bc457e9ebd39d6c3818055dc75301cc6eefefeece91a5000b63e09ec0c3f,74,376,"['0x804c9b842b2748a22bb64b345453a3de7ca54a6ca45ce00d415894979e22897a', '0x0000000000000000000000002791bca1f2de4661ed88a30c99a7a9449aa84174']",0x0000000000000000000000000000000000000000002f9621dd4b99fe8a3a7b560000000000000000000000000000000000000000005ec6202f3a2acfb1b001cc0000000000000000000000000000000000000000004bae64b75a3e1a49c023e50000000000000000000000000000000000000000038bf757631c58b9b85d052a000000000000000000000000000000000000000003b173514861e1a1dd80cf84
58273225,2024-06-17 14:20:28,0x4a58bc457e9ebd39d6c3818055dc75301cc6eefefeece91a5000b63e09ec0c3f,74,380,"['0x3115d1449a7b732c986cba18244e897a450f61e1bb8d589cd2e69e6c8924f9f7', '0x0000000000000000000000002791bca1f2de4661ed88a30c99a7a9449aa84174', '0x0000000000000000000000002c616f5dc3d482010d870d8a01b72cbb1711254a', '0x000000000000000000000000d646bc0795bf85aba3e8a29de8fb3a2731f25a57']",0x000000000000000000000000000000000000000000000000000000001038a14e
58273331,2024-06-17 14:24:14,0x31435c8fd2692ba552c623e9484ed8b79c4140ae0ebf2c342b12a3024eb033e3,28,122,"['0x804c9b842b2748a22bb64b345453a3de7ca54a6ca45ce00d415894979e22897a', '0x0000000000000000000000002791bca1f2de4661ed88a30c99a7a9449aa84174']",0x000000000000000000000000000000000000000000306285f00308c0833361a90000000000000000000000000000000000000000005ece76a043557fcc6e67a20000000000000000000000000000000000000000004c55258c1193dc60a018970000000000000000000000000000000000000000038bf76feb52f6f65066dd07000000000000000000000000000000000000000003b17379e8be83320705cd09
58273331,2024-06-17 14:24:14,0x31435c8fd2692ba552c623e9484ed8b79c4140ae0ebf2c342b12a3024eb033e3,28,127,"['0x3115d1449a7b732c986cba18244e897a450f61e1bb8d589cd2e69e6c8924f9f7', '0x0000000000000000000000002791bca1f2de4661ed88a30c99a7a9449aa84174', '0x0000000000000000000000008290fda77c43437ab141d02ebc05f95bdd96e182', '0x0000000000000000000000008290fda77c43437ab141d02ebc05f95bdd96e182']",0x00000000000000000000000000000000000000000000000000000045df936263
58273331,2024-06-17 14:24:14,0x31435c8fd2692ba552c623e9484ed8b79c4140ae0ebf2c342b12a3024eb033e3,28,146,"['0x804c9b842b2748a22bb64b345453a3de7ca54a6ca45ce00d415894979e22897a', '0x0000000000000000000000002791bca1f2de4661ed88a30c99a7a9449aa84174']",0x0000000000000000000000000000000000000000002f96001f317b5814f5297a0000000000000000000000000000000000000000005ec61eccf8ea23346915520000000000000000000000000000000000000000004bae490a4130a08035aa6b0000000000000000000000000000000000000000038bf76feb52f6f65066dd07000000000000000000000000000000000000000003b17379e8be83320705cd09
58273331,2024-06-17 14:24:14,0x31435c8fd2692ba552c623e9484ed8b79c4140ae0ebf2c342b12a3024eb033e3,28,152,"['0x2b627736bca15cd5381dcf80b0bf11fd197d01a037c52b927a881a10fb73ba61', '0x0000000000000000000000002791bca1f2de4661ed88a30c99a7a9449aa84174', '0x0000000000000000000000008290fda77c43437ab141d02ebc05f95bdd96e182', '0x0000000000000000000000000000000000000000000000000000000000000000']",0x0000000000000000000000008290fda77c43437ab141d02ebc05f95bdd96e18200000000000000000000000000000000000000000000000000000045eb811ab2
58273549,2024-06-17 14:31:56,0x95a321ff333a989ab7bc7cbcc4e237d27a3b0db3c72fa8120b8a819e2ce787e4,4,23,"['0x804c9b842b2748a22bb64b345453a3de7ca54a6ca45ce00d415894979e22897a', '0x0000000000000000000000002791bca1f2de4661ed88a30c99a7a9449aa84174']",0x0000000000000000000000000000000000000000002fb77f4e4e4bb71edcbfd50000000000000000000000000000000000000000005ec77565b8e66f193055a00000000000000000000000000000000000000000004bc90cf940e68e5fc6b0820000000000000000000000000000000000000000038bf7a21180b2196ab29739000000000000000000000000000000000000000003b173ccf5903e7bf08ccca8
58273549,2024-06-17 14:31:56,0x95a321ff333a989ab7bc7cbcc4e237d27a3b0db3c72fa8120b8a819e2ce787e4,4,25,"['0xb3d084820fb1a9decffb176436bd02558d15fac9b0ddfed8c465bc7359d7dce0', '0x0000000000000000000000002791bca1f2de4661ed88a30c99a7a9449aa84174', '0x000000000000000000000000caf744e0f6d8dbd082cf2f86028f2e1abfc7befb', '0x0000000000000000000000000000000000000000000000000000000000000000']",0x0000000000000000000000007211ec72499d0b31a938174c8f287a2bee7289fb00000000000000000000000000000000000000000000000000000009502f900000000000000000000000000000000000000000000000000000000000000000020000000000000000000000000000000000000000004bc90cf940e68e5fc6b082
58273552,2024-06-17 14:32:04,0xc6ecae58f9149a11c23456725d771501f76bf881501a2b41da7a3760917491a3,4,42,"['0x804c9b842b2748a22bb64b345453a3de7ca54a6ca45ce00d415894979e22897a', '0x0000000000000000000000002791bca1f2de4661ed88a30c99a7a9449aa84174']",0x0000000000000000000000000000000000000000002f9e5fdc29267582d2175e0000000000000000000000000000000000000000005ec6747e2a0c2811f36efd0000000000000000000000000000000000000000004bb4fae217d901cf04abc60000000000000000000000000000000000000000038bf7a2f06b990389197aef000000000000000000000000000000000000000003b173ce66399accbb901e2a
58273552,2024-06-17 14:32:04,0xc6ecae58f9149a11c23456725d771501f76bf881501a2b41da7a3760917491a3,4,45,"['0xa534c8dbe71f871f9f3530e97a74601fea17b426cae02e1c5aee42c96c784051', '0x0000000000000000000000002791bca1f2de4661ed88a30c99a7a9449aa84174', '0x000000000000000000000000caf744e0f6d8dbd082cf2f86028f2e1abfc7befb', '0x0000000000000000000000007211ec72499d0b31a938174c8f287a2bee7289fb']",0x00000000000000000000000000000000000000000000000000000006fc23ac000000000000000000000000000000000000000000000000000000000000000000
58273560,2024-06-17 14:32:20,0xf7a6adb6d0c51960749b039016a95672f3bdefe15d54f1741b65b9df2c61e64b,2,18,"['0x804c9b842b2748a22bb64b345453a3de7ca54a6ca45ce00d415894979e22897a', '0x0000000000000000000000002791bca1f2de4661ed88a30c99a7a9449aa84174']",0x0000000000000000000000000000000000000000002fbfe0c347a04712acae460000000000000000000000000000000000000000005ec7cb09108218369e7d280000000000000000000000000000000000000000004bcfbdbc190fc4ac61c7280000000000000000000000000000000000000000038bf7a4ad56abf285161352000000000000000000000000000000000000000003b173d146c91020a7490862
58273560,2024-06-17 14:32:20,0xf7a6adb6d0c51960749b039016a95672f3bdefe15d54f1741b65b9df2c61e64b,2,20,"['0xb3d084820fb1a9decffb176436bd02558d15fac9b0ddfed8c465bc7359d7dce0', '0x0000000000000000000000002791bca1f2de4661ed88a30c99a7a9449aa84174', '0x000000000000000000000000caf744e0f6d8dbd082cf2f86028f2e1abfc7befb', '0x0000000000000000000000000000000000000000000000000000000000000000']",0x0000000000000000000000007211ec72499d0b31a938174c8f287a2bee7289fb00000000000000000000000000000000000000000000000000000009502f900000000000000000000000000000000000000000000000000000000000000000020000000000000000000000000000000000000000004bcfbdbc190fc4ac61c728
58273563,2024-06-17 14:32:26,0xd99338efe3cf45b6f80cc4a4e0779360d60badb6af98de92481b362c4acbab86,13,34,"['0x804c9b842b2748a22bb64b345453a3de7ca54a6ca45ce00d415894979e22897a', '0x0000000000000000000000002791bca1f2de4661ed88a30c99a7a9449aa84174']",0x0000000000000000000000000000000000000000002fa6bef92bedc54cf1b5eb0000000000000000000000000000000000000000005ec6ca21729f6b3add53b90000000000000000000000000000000000000000004bbbaba3c35a41014a8a700000000000000000000000000000000000000000038bf7a554a436c7f65bd4a5000000000000000000000000000000000000000003b173d25b607f6eade7954f
58273563,2024-06-17 14:32:26,0xd99338efe3cf45b6f80cc4a4e0779360d60badb6af98de92481b362c4acbab86,13,37,"['0xa534c8dbe71f871f9f3530e97a74601fea17b426cae02e1c5aee42c96c784051', '0x0000000000000000000000002791bca1f2de4661ed88a30c99a7a9449aa84174', '0x000000000000000000000000caf744e0f6d8dbd082cf2f86028f2e1abfc7befb', '0x0000000000000000000000007211ec72499d0b31a938174c8f287a2bee7289fb']",0x00000000000000000000000000000000000000000000000000000006fc23ac000000000000000000000000000000000000000000000000000000000000000000
58273654,2024-06-17 14:35:40,0xa7b29d88b5c9378913e5ed0be6cb6372acb556f3861e640ed8fb9e643a73e7ab,84,519,"['0x804c9b842b2748a22bb64b345453a3de7ca54a6ca45ce00d415894979e22897a', '0x0000000000000000000000002791bca1f2de4661ed88a30c99a7a9449aa84174']",0x0000000000000000000000000000000000000000002fa6bf145d898404e0df220000000000000000000000000000000000000000005ec6ca2234f5219dd927160000000000000000000000000000000000000000004bbbabb2f20c80bcf70dbc0000000000000000000000000000000000000000038bf7ba6afaf02434cda7da000000000000000000000000000000000000000003b173f54141e894953ae043
58273654,2024-06-17 14:35:40,0xa7b29d88b5c9378913e5ed0be6cb6372acb556f3861e640ed8fb9e643a73e7ab,84,525,"['0x2b627736bca15cd5381dcf80b0bf11fd197d01a037c52b927a881a10fb73ba61', '0x0000000000000000000000002791bca1f2de4661ed88a30c99a7a9449aa84174', '0x0000000000000000000000000bd3091d95b38ad553aeb1cb3920b0539ff85642', '0x0000000000000000000000000000000000000000000000000000000000000000']",0x0000000000000000000000000bd3091d95b38ad553aeb1cb3920b0539ff8564200000000000000000000000000000000000000000000000000000000002c5c80
58273675,2024-06-17 14:36:24,0xa8acab264e1f36862fa2e2be81416286f4014d975cb7bd1fa48151217585996e,0,2,"['0x804c9b842b2748a22bb64b345453a3de7ca54a6ca45ce00d415894979e22897a', '0x0000000000000000000000002791bca1f2de4661ed88a30c99a7a9449aa84174']",0x0000000000000000000000000000000000000000002fa5e7acf236620aa54ac80000000000000000000000000000000000000000005ec6c187037252d2f2db450000000000000000000000000000000000000000004bbaff9313d458e2f921680000000000000000000000000000000000000000038bf7bf3358a0464f9bec37000000000000000000000000000000000000000003b173fd2b7fc65348e43ac8
58273675,2024-06-17 14:36:24,0xa8acab264e1f36862fa2e2be81416286f4014d975cb7bd1fa48151217585996e,0,5,"['0xa534c8dbe71f871f9f3530e97a74601fea17b426cae02e1c5aee42c96c784051', '0x0000000000000000000000002791bca1f2de4661ed88a30c99a7a9449aa84174', '0x0000000000000000000000007458055ae05a4349e8de055712862343bb0286cc', '0x0000000000000000000000007458055ae05a4349e8de055712862343bb0286cc']",0x000000000000000000000000000000000000000000000000000000003bf063090000000000000000000000000000000000000000000000000000000000000000
58273758,2024-06-17 14:39:20,0xf82010a90d92a7ddc758b8d82821135c2e115e021fdef75876686888065b212d,64,301,"['0x804c9b842b2748a22bb64b345453a3de7ca54a6ca45ce00d415894979e22897a', '0x0000000000000000000000002791bca1f2de4661ed88a30c99a7a9449aa84174']",0x0000000000000000000000000000000000000000002fa5fda903953a5527e3390000000000000000000000000000000000000000005ec6c267b162f4f10f6a4f0000000000000000000000000000000000000000004bbb1120aaa1033d344e340000000000000000000000000000000000000000038bf7d25479000647b0a217000000000000000000000000000000000000000003b1741cd42ff222cfbd01c9
58273758,2024-06-17 14:39:20,0xf82010a90d92a7ddc758b8d82821135c2e115e021fdef75876686888065b212d,64,303,"['0xb3d084820fb1a9decffb176436bd02558d15fac9b0ddfed8c465bc7359d7dce0', '0x0000000000000000000000002791bca1f2de4661ed88a30c99a7a9449aa84174', '0x000000000000000000000000aa8b798db71fb6505e46c3760244e7b4ad08ded0', '0x0000000000000000000000000000000000000000000000000000000000000000']",0x000000000000000000000000aa8b798db71fb6505e46c3760244e7b4ad08ded00000000000000000000000000000000000000000000000000000000005f5e10000000000000000000000000000000000000000000000000000000000000000020000000000000000000000000000000000000000004bbb1120aaa1033d344e34
58273827,2024-06-17 14:41:48,0x98ce7e6626449c8c9cc040e34825c898bcd8faa91df005fda24846fc7b370a43,22,65,"['0x804c9b842b2748a22bb64b345453a3de7ca54a6ca45ce00d415894979e22897a', '0x0000000000000000000000002791bca1f2de4661ed88a30c99a7a9449aa84174']",0x0000000000000000000000000000000000000000002fc781cd0ab5ce93c3ff3b0000000000000000000000000000000000000000005ec818f68fdd5d62359e9a0000000000000000000000000000000000000000004bd5d44a0c312c143064070000000000000000000000000000000000000000038bf7e26a8a87b6a8ffe9c7000000000000000000000000000000000000000003b1743773854342931360e5
58273827,2024-06-17 14:41:48,0x98ce7e6626449c8c9cc040e34825c898bcd8faa91df005fda24846fc7b370a43,22,67,"['0xb3d084820fb1a9decffb176436bd02558d15fac9b0ddfed8c465bc7359d7dce0', '0x0000000000000000000000002791bca1f2de4661ed88a30c99a7a9449aa84174', '0x000000000000000000000000caf744e0f6d8dbd082cf2f86028f2e1abfc7befb', '0x0000000000000000000000000000000000000000000000000000000000000000']",0x0000000000000000000000007211ec72499d0b31a938174c8f287a2bee7289fb00000000000000000000000000000000000000000000000000000009502f900000000000000000000000000000000000000000000000000000000000000000020000000000000000000000000000000000000000004bd5d44a0c312c14306407
58273831,2024-06-17 14:41:56,0xb076352382d17c32159d8e58bec769edefbd9a28de483381db1afd6a9d89c756,8,19,"['0x804c9b842b2748a22bb64b345453a3de7ca54a6ca45ce00d415894979e22897a', '0x0000000000000000000000002791bca1f2de4661ed88a30c99a7a9449aa84174']",0x0000000000000000000000000000000000000000002fae5de634ae1a51c7fba40000000000000000000000000000000000000000005ec7180f190cb2298308510000000000000000000000000000000000000000004bc1c234c3e3cba63ca6610000000000000000000000000000000000000000038bf7e349c0494e93265950000000000000000000000000000000000000000003b17438e46cf29a44a8cc5f
58273831,2024-06-17 14:41:56,0xb076352382d17c32159d8e58bec769edefbd9a28de483381db1afd6a9d89c756,8,22,"['0xa534c8dbe71f871f9f3530e97a74601fea17b426cae02e1c5aee42c96c784051', '0x0000000000000000000000002791bca1f2de4661ed88a30c99a7a9449aa84174', '0x000000000000000000000000caf744e0f6d8dbd082cf2f86028f2e1abfc7befb', '0x0000000000000000000000007211ec72499d0b31a938174c8f287a2bee7289fb']",0x00000000000000000000000000000000000000000000000000000006fc23ac000000000000000000000000000000000000000000000000000000000000000000
58274142,2024-06-17 14:52:57,0x59aabcfecc2172768fa40739bf321dfebdc35892ac1f13c5d378d869284352fb,64,297,"['0x804c9b842b2748a22bb64b345453a3de7ca54a6ca45ce00d415894979e22897a', '0x0000000000000000000000002791bca1f2de4661ed88a30c99a7a9449aa84174']",0x0000000000000000000000000000000000000000002fae5ff67a52a8f4a1e7ca0000000000000000000000000000000000000000005ec7182381d934f14e116a0000000000000000000000000000000000000000004bc1c3ccf3de0342195c420000000000000000000000000000000000000000038bf82b2e91e143a2310e04000000000000000000000000000000000000000003b174afd5b86a44d074337f
58274142,2024-06-17 14:52:57,0x59aabcfecc2172768fa40739bf321dfebdc35892ac1f13c5d378d869284352fb,64,303,"['0x2b627736bca15cd5381dcf80b0bf11fd197d01a037c52b927a881a10fb73ba61', '0x0000000000000000000000002791bca1f2de4661ed88a30c99a7a9449aa84174', '0x0000000000000000000000000bd3091d95b38ad553aeb1cb3920b0539ff85642', '0x0000000000000000000000000000000000000000000000000000000000000000']",0x0000000000000000000000000bd3091d95b38ad553aeb1cb3920b0539ff8564200000000000000000000000000000000000000000000000000000000000073ee
58274177,2024-06-17 14:54:13,0x285abefdb527a74ad26c3a27aa5d5cd41b375b8bb50f83c7987750c71c2333e3,28,90,"['0x804c9b842b2748a22bb64b345453a3de7ca54a6ca45ce00d415894979e22897a', '0x0000000000000000000000002791bca1f2de4661ed88a30c99a7a9449aa84174']",0x000000000000000000000000000000000000000000307b51eb34c8c0fa3139020000000000000000000000000000000000000000005ecf721e69b526481fa11a0000000000000000000000000000000000000000004c68cb67110cde0a7896070000000000000000000000000000000000000000038bf83372b5d5bb42277a5f000000000000000000000000000000000000000003b174bd82b402637eceb645
58274177,2024-06-17 14:54:13,0x285abefdb527a74ad26c3a27aa5d5cd41b375b8bb50f83c7987750c71c2333e3,28,95,"['0x3115d1449a7b732c986cba18244e897a450f61e1bb8d589cd2e69e6c8924f9f7', '0x0000000000000000000000002791bca1f2de4661ed88a30c99a7a9449aa84174', '0x0000000000000000000000008290fda77c43437ab141d02ebc05f95bdd96e182', '0x0000000000000000000000008290fda77c43437ab141d02ebc05f95bdd96e182']",0x00000000000000000000000000000000000000000000000000000045eb902951
58274177,2024-06-17 14:54:13,0x285abefdb527a74ad26c3a27aa5d5cd41b375b8bb50f83c7987750c71c2333e3,28,113,"['0x804c9b842b2748a22bb64b345453a3de7ca54a6ca45ce00d415894979e22897a', '0x0000000000000000000000002791bca1f2de4661ed88a30c99a7a9449aa84174']",0x0000000000000000000000000000000000000000002faeca22a0a3813da5952b0000000000000000000000000000000000000000005ec71c7b9269a98d7716de0000000000000000000000000000000000000000004bc21aae3f271f754dc9510000000000000000000000000000000000000000038bf83372b5d5bb42277a5f000000000000000000000000000000000000000003b174bd82b402637eceb645
58274177,2024-06-17 14:54:13,0x285abefdb527a74ad26c3a27aa5d5cd41b375b8bb50f83c7987750c71c2333e3,28,119,"['0x2b627736bca15cd5381dcf80b0bf11fd197d01a037c52b927a881a10fb73ba61', '0x0000000000000000000000002791bca1f2de4661ed88a30c99a7a9449aa84174', '0x0000000000000000000000008290fda77c43437ab141d02ebc05f95bdd96e182', '0x0000000000000000000000000000000000000000000000000000000000000000']",0x0000000000000000000000008290fda77c43437ab141d02ebc05f95bdd96e18200000000000000000000000000000000000000000000000000000045c6f58e49
58274479,2024-06-17 15:04:57,0x2350c17bb421ae1685d5708d93cb07e2d06329b69c4d9cc1333eba489571986e,6,17,"['0x804c9b842b2748a22bb64b345453a3de7ca54a6ca45ce00d415894979e22897a', '0x0000000000000000000000002791bca1f2de4661ed88a30c99a7a9449aa84174']",0x0000000000000000000000000000000000000000002f9e0d4a17330f0302a04a0000000000000000000000000000000000000000005ec67149bd5cd9445157ec0000000000000000000000000000000000000000004bb4bac99a26d9be5ade720000000000000000000000000000000000000000038bf8797ed3f4b6b0387b63000000000000000000000000000000000000000003b175316579d4a9b61b43d8
58274479,2024-06-17 15:04:57,0x2350c17bb421ae1685d5708d93cb07e2d06329b69c4d9cc1333eba489571986e,6,20,"['0xa534c8dbe71f871f9f3530e97a74601fea17b426cae02e1c5aee42c96c784051', '0x0000000000000000000000002791bca1f2de4661ed88a30c99a7a9449aa84174', '0x000000000000000000000000caf744e0f6d8dbd082cf2f86028f2e1abfc7befb', '0x0000000000000000000000007211ec72499d0b31a938174c8f287a2bee7289fb']",0x00000000000000000000000000000000000000000000000000000004a817c8000000000000000000000000000000000000000000000000000000000000000000
58274647,2024-06-17 15:10:55,0x868851b57f88c26816e7731f00217ddc3b4f41828ea418a11b7c5c08da006b79,81,571,"['0x804c9b842b2748a22bb64b345453a3de7ca54a6ca45ce00d415894979e22897a', '0x0000000000000000000000002791bca1f2de4661ed88a30c99a7a9449aa84174']",0x0000000000000000000000000000000000000000002f9e0e68e722e078f3c8820000000000000000000000000000000000000000005ec67154d4f6a43d6f66d90000000000000000000000000000000000000000004bb4bba7722ab534b408e80000000000000000000000000000000000000000038bf8a061a57eb02f669e44000000000000000000000000000000000000000003b17571c5e778fd7c579a2d
58274647,2024-06-17 15:10:55,0x868851b57f88c26816e7731f00217ddc3b4f41828ea418a11b7c5c08da006b79,81,577,"['0x2b627736bca15cd5381dcf80b0bf11fd197d01a037c52b927a881a10fb73ba61', '0x0000000000000000000000002791bca1f2de4661ed88a30c99a7a9449aa84174', '0x0000000000000000000000000bd3091d95b38ad553aeb1cb3920b0539ff85642', '0x0000000000000000000000000000000000000000000000000000000000000000']",0x0000000000000000000000000bd3091d95b38ad553aeb1cb3920b0539ff85642000000000000000000000000000000000000000000000000000000000000172a
58274733,2024-06-17 15:13:57,0xcbc3fa55ef37da2d12ce4e1aeee0e46c5204fa30514e8a376498cc4c47f4211e,94,257,"['0x804c9b842b2748a22bb64b345453a3de7ca54a6ca45ce00d415894979e22897a', '0x0000000000000000000000002791bca1f2de4661ed88a30c99a7a9449aa84174']",0x0000000000000000000000000000000000000000002f9e0eb6262d3f089c4ce10000000000000000000000000000000000000000005ec67157bb136cca678d020000000000000000000000000000000000000000004bb4bbe16c6a60381704380000000000000000000000000000000000000000038bf8b4267b2a197ec320fa000000000000000000000000000000000000000003b17592803b02bb67577e25
58274733,2024-06-17 15:13:57,0xcbc3fa55ef37da2d12ce4e1aeee0e46c5204fa30514e8a376498cc4c47f4211e,94,260,"['0xa534c8dbe71f871f9f3530e97a74601fea17b426cae02e1c5aee42c96c784051', '0x0000000000000000000000002791bca1f2de4661ed88a30c99a7a9449aa84174', '0x000000000000000000000000c3f68ee5065c7895280eb0697c5395ff5afe5ec4', '0x000000000000000000000000c3f68ee5065c7895280eb0697c5395ff5afe5ec4']",0x0000000000000000000000000000000000000000000000000000000000131c2d0000000000000000000000000000000000000000000000000000000000000000
58274767,2024-06-17 15:15:09,0x2550f2b735dc59363693ea2fe58e1415fd993d54ad69b181822cc08fab63d472,118,514,"['0x804c9b842b2748a22bb64b345453a3de7ca54a6ca45ce00d415894979e22897a', '0x0000000000000000000000002791bca1f2de4661ed88a30c99a7a9449aa84174']",0x0000000000000000000000000000000000000000002f9e0f30fac3559a9c91fb0000000000000000000000000000000000000000005ec6715ca11b10edbc8eb60000000000000000000000000000000000000000004bb4bc43650332fabb26430000000000000000000000000000000000000000038bf8bbf89205d6299fd79f000000000000000000000000000000000000000003b1759f72bc0efb0fdbb034
58274767,2024-06-17 15:15:09,0x2550f2b735dc59363693ea2fe58e1415fd993d54ad69b181822cc08fab63d472,118,518,"['0x3115d1449a7b732c986cba18244e897a450f61e1bb8d589cd2e69e6c8924f9f7', '0x0000000000000000000000002791bca1f2de4661ed88a30c99a7a9449aa84174', '0x00000000000000000000000066f1cfd26857a574de7066699cb978592ea7ef6f', '0x00000000000000000000000066f1cfd26857a574de7066699cb978592ea7ef6f']",0x0000000000000000000000000000000000000000000000000000000000168614
58274804,2024-06-17 15:16:29,0xe6897126229052c2e194dc61bc6791127fc03d5f79350c45491005fc9c100c4c,90,323,"['0x804c9b842b2748a22bb64b345453a3de7ca54a6ca45ce00d415894979e22897a', '0x0000000000000000000000002791bca1f2de4661ed88a30c99a7a9449aa84174']",0x0000000000000000000000000000000000000000002f9e0f30090145e67108250000000000000000000000000000000000000000005ec6715c71e143557997280000000000000000000000000000000000000000004bb4bc3fb47f23157fcf1e0000000000000000000000000000000000000000038bf8c4a91d5c741a337455000000000000000000000000000000000000000003b175add5849d5498235add
58274804,2024-06-17 15:16:29,0xe6897126229052c2e194dc61bc6791127fc03d5f79350c45491005fc9c100c4c,90,328,"['0x2b627736bca15cd5381dcf80b0bf11fd197d01a037c52b927a881a10fb73ba61', '0x0000000000000000000000002791bca1f2de4661ed88a30c99a7a9449aa84174', '0x00000000000000000000000066f1cfd26857a574de7066699cb978592ea7ef6f', '0x0000000000000000000000000000000000000000000000000000000000000000']",0x00000000000000000000000066f1cfd26857a574de7066699cb978592ea7ef6f0000000000000000000000000000000000000000000000000000000000168614
58274832,2024-06-17 15:17:29,0x58005ab1269b730ff4bc9a4510482b61afe7633c69a2c26548ab30dd0d106cbf,59,242,"['0x804c9b842b2748a22bb64b345453a3de7ca54a6ca45ce00d415894979e22897a', '0x0000000000000000000000002791bca1f2de4661ed88a30c99a7a9449aa84174']",0x0000000000000000000000000000000000000000002f9e1273d612ceba2e97920000000000000000000000000000000000000000005ec6717e8f87d213f375ee0000000000000000000000000000000000000000004bb4beea058249f70536850000000000000000000000000000000000000000038bf8cb2d85ed41181b6042000000000000000000000000000000000000000003b175b89f9b2c573b8cd636
58274832,2024-06-17 15:17:29,0x58005ab1269b730ff4bc9a4510482b61afe7633c69a2c26548ab30dd0d106cbf,59,247,"['0x3115d1449a7b732c986cba18244e897a450f61e1bb8d589cd2e69e6c8924f9f7', '0x0000000000000000000000002791bca1f2de4661ed88a30c99a7a9449aa84174', '0x000000000000000000000000c4aff49fced8ac1d818a6dcab063f9f97e66ec5e', '0x000000000000000000000000c4aff49fced8ac1d818a6dcab063f9f97e66ec5e']",0x0000000000000000000000000000000000000000000000000000000000883dbb
58274832,2024-06-17 15:17:29,0x58005ab1269b730ff4bc9a4510482b61afe7633c69a2c26548ab30dd0d106cbf,59,250,"['0x804c9b842b2748a22bb64b345453a3de7ca54a6ca45ce00d415894979e22897a', '0x0000000000000000000000002791bca1f2de4661ed88a30c99a7a9449aa84174']",0x0000000000000000000000000000000000000000002f9e10e9b228600a93b58d0000000000000000000000000000000000000000005ec6716e6bc90f479c20900000000000000000000000000000000000000000004bb4bda73a9b1200328b330000000000000000000000000000000000000000038bf8cb2f750a70c10430a3000000000000000000000000000000000000000003b175b89f9b2c573b8cd636
58274860,2024-06-17 15:18:27,0x17a41e5a84d13a017d3a6f8b8904d6afddbae68774c46d8244ff782487f6c29c,72,277,"['0x804c9b842b2748a22bb64b345453a3de7ca54a6ca45ce00d415894979e22897a', '0x0000000000000000000000002791bca1f2de4661ed88a30c99a7a9449aa84174']",0x0000000000000000000000000000000000000000002f9e1118347c03720b9bbe0000000000000000000000000000000000000000005ec6717038468680ccc4a70000000000000000000000000000000000000000004bb4bdcb34686277ff5cfe0000000000000000000000000000000000000000038bf8d17c40cb5efed440e2000000000000000000000000000000000000000003b175c30da03946bff45cbb
58274860,2024-06-17 15:18:27,0x17a41e5a84d13a017d3a6f8b8904d6afddbae68774c46d8244ff782487f6c29c,72,283,"['0x2b627736bca15cd5381dcf80b0bf11fd197d01a037c52b927a881a10fb73ba61', '0x0000000000000000000000002791bca1f2de4661ed88a30c99a7a9449aa84174', '0x0000000000000000000000005c8e02921ba4b59908079566dc8cf4f6d8e108e0', '0x0000000000000000000000000000000000000000000000000000000000000000']",0x0000000000000000000000005c8e02921ba4b59908079566dc8cf4f6d8e108e00000000000000000000000000000000000000000000000000000000000000001
58275023,2024-06-17 15:24:13,0xf145471ce53eb3f57dee2da5d179fbec5f73a5299c51b0c5391a3a5726cddd75,27,111,"['0x804c9b842b2748a22bb64b345453a3de7ca54a6ca45ce00d415894979e22897a', '0x0000000000000000000000002791bca1f2de4661ed88a30c99a7a9449aa84174']",0x000000000000000000000000000000000000000000306a500baa84d0ddf052870000000000000000000000000000000000000000005ecec5a53926602a6229710000000000000000000000000000000000000000004c5b51ef45e563b7ab3cc40000000000000000000000000000000000000000038bf8f7116aa01c87d3a3c9000000000000000000000000000000000000000003b1760145af3419cf036938
58275023,2024-06-17 15:24:13,0xf145471ce53eb3f57dee2da5d179fbec5f73a5299c51b0c5391a3a5726cddd75,27,116,"['0x3115d1449a7b732c986cba18244e897a450f61e1bb8d589cd2e69e6c8924f9f7', '0x0000000000000000000000002791bca1f2de4661ed88a30c99a7a9449aa84174', '0x0000000000000000000000008290fda77c43437ab141d02ebc05f95bdd96e182', '0x0000000000000000000000008290fda77c43437ab141d02ebc05f95bdd96e182']",0x00000000000000000000000000000000000000000000000000000045c70496d2
58275023,2024-06-17 15:24:13,0xf145471ce53eb3f57dee2da5d179fbec5f73a5299c51b0c5391a3a5726cddd75,27,134,"['0x804c9b842b2748a22bb64b345453a3de7ca54a6ca45ce00d415894979e22897a', '0x0000000000000000000000002791bca1f2de4661ed88a30c99a7a9449aa84174']",0x0000000000000000000000000000000000000000002f9dc58d4735f528157a560000000000000000000000000000000000000000005ec66e57acfb9be4a496e60000000000000000000000000000000000000000004bb47fe0528e0e44dbca060000000000000000000000000000000000000000038bf8f7116aa01c87d3a3c9000000000000000000000000000000000000000003b1760145af3419cf036938
58275023,2024-06-17 15:24:13,0xf145471ce53eb3f57dee2da5d179fbec5f73a5299c51b0c5391a3a5726cddd75,27,140,"['0x2b627736bca15cd5381dcf80b0bf11fd197d01a037c52b927a881a10fb73ba61', '0x0000000000000000000000002791bca1f2de4661ed88a30c99a7a9449aa84174', '0x0000000000000000000000008290fda77c43437ab141d02ebc05f95bdd96e182', '0x0000000000000000000000000000000000000000000000000000000000000000']",0x0000000000000000000000008290fda77c43437ab141d02ebc05f95bdd96e18200000000000000000000000000000000000000000000000000000045e188411e
58275054,2024-06-17 15:25:19,0x3885877d4c89c2a09c38e5ea8426399147a4e3f3dd69db02fbe6d564ff7df830,55,186,"['0x804c9b842b2748a22bb64b345453a3de7ca54a6ca45ce00d415894979e22897a', '0x0000000000000000000000002791bca1f2de4661ed88a30c99a7a9449aa84174']",0x0000000000000000000000000000000000000000002f9dc7886761e14c52cfbb0000000000000000000000000000000000000000005ec66e6c526ad23da478090000000000000000000000000000000000000000004bb4817d3f3e4d38d960b00000000000000000000000000000000000000000038bf8fe3c9fc27087e3b2ba000000000000000000000000000000000000000003b1760d23f2cec0ac5c74d9
58275054,2024-06-17 15:25:19,0x3885877d4c89c2a09c38e5ea8426399147a4e3f3dd69db02fbe6d564ff7df830,55,191,"['0x3115d1449a7b732c986cba18244e897a450f61e1bb8d589cd2e69e6c8924f9f7', '0x0000000000000000000000002791bca1f2de4661ed88a30c99a7a9449aa84174', '0x00000000000000000000000078f8bd884c3d738b74b420540659c82f392820e0', '0x00000000000000000000000078f8bd884c3d738b74b420540659c82f392820e0']",0x00000000000000000000000000000000000000000000000000000000009d2a60
58275115,2024-06-17 15:27:29,0x75dcdf063d53dde7671723bfbf967076ccac2860b5b221f6d6767cbb3b35ad27,61,240,"['0x804c9b842b2748a22bb64b345453a3de7ca54a6ca45ce00d415894979e22897a', '0x0000000000000000000000002791bca1f2de4661ed88a30c99a7a9449aa84174']",0x0000000000000000000000000000000000000000002f9bf1c0bb506ce8b7e2c00000000000000000000000000000000000000000005ec65b2f2bc6d3915dd9ae0000000000000000000000000000000000000000004bb300b63a6e67c35501950000000000000000000000000000000000000000038bf90c5b6df70a9c5931f4000000000000000000000000000000000000000003b17624846962c8c7118cdc
58275115,2024-06-17 15:27:29,0x75dcdf063d53dde7671723bfbf967076ccac2860b5b221f6d6767cbb3b35ad27,61,245,"['0x2b627736bca15cd5381dcf80b0bf11fd197d01a037c52b927a881a10fb73ba61', '0x0000000000000000000000002791bca1f2de4661ed88a30c99a7a9449aa84174', '0x000000000000000000000000db92b89ca415c0dab40dc96e99fc411c08f20780', '0x0000000000000000000000000000000000000000000000000000000000000000']",0x000000000000000000000000db92b89ca415c0dab40dc96e99fc411c08f2078000000000000000000000000000000000000000000000000000000000a2b74d45
58275133,2024-06-17 15:28:07,0x8e13569ac2d3f38c7162b5830d2adf00ec7545904a827f5da00b23f7b8345d7e,17,44,"['0x804c9b842b2748a22bb64b345453a3de7ca54a6ca45ce00d415894979e22897a', '0x0000000000000000000000002791bca1f2de4661ed88a30c99a7a9449aa84174']",0x0000000000000000000000000000000000000000002f9bf5581a9c45a85591a10000000000000000000000000000000000000000005ec65b54c09ae7637ab1690000000000000000000000000000000000000000004bb303a5dafff42d95dc2a0000000000000000000000000000000000000000038bf9107be7fbae236a6160000000000000000000000000000000000000000003b1762b5994bfc0de4940d3
58275133,2024-06-17 15:28:07,0x8e13569ac2d3f38c7162b5830d2adf00ec7545904a827f5da00b23f7b8345d7e,17,48,"['0x3115d1449a7b732c986cba18244e897a450f61e1bb8d589cd2e69e6c8924f9f7', '0x0000000000000000000000002791bca1f2de4661ed88a30c99a7a9449aa84174', '0x000000000000000000000000db92b89ca415c0dab40dc96e99fc411c08f20780', '0x000000000000000000000000db92b89ca415c0dab40dc96e99fc411c08f20780']",0x000000000000000000000000000000000000000000000000000000000133a716
58275140,2024-06-17 15:28:23,0x5d0faaf220fd0b340e719c5a3546a53a7bdd8017ca622c7fd00d5fa8bbea8725,28,98,"['0x804c9b842b2748a22bb64b345453a3de7ca54a6ca45ce00d415894979e22897a', '0x0000000000000000000000002791bca1f2de4661ed88a30c99a7a9449aa84174']",0x0000000000000000000000000000000000000000002f9bf538d93aa3266403a10000000000000000000000000000000000000000005ec65b53717766736df6fb0000000000000000000000000000000000000000004bb3038bac39e16c974ba60000000000000000000000000000000000000000038bf91238bd2eaf147d2041000000000000000000000000000000000000000003b1762e3a12ec4c4baa8b2c
58275140,2024-06-17 15:28:23,0x5d0faaf220fd0b340e719c5a3546a53a7bdd8017ca622c7fd00d5fa8bbea8725,28,104,"['0x2b627736bca15cd5381dcf80b0bf11fd197d01a037c52b927a881a10fb73ba61', '0x0000000000000000000000002791bca1f2de4661ed88a30c99a7a9449aa84174', '0x000000000000000000000000dd4403b3b72da0c661921a4c65fc0bcf558a1592', '0x0000000000000000000000000000000000000000000000000000000000000000']",0x000000000000000000000000dd4403b3b72da0c661921a4c65fc0bcf558a159200000000000000000000000000000000000000000000000000000000000f4240
58275150,2024-06-17 15:28:43,0x5c7b6627801746f61fa385c61846fef8d8f12bdb46ab223b0c1455340840721f,65,276,"['0x804c9b842b2748a22bb64b345453a3de7ca54a6ca45ce00d415894979e22897a', '0x0000000000000000000000002791bca1f2de4661ed88a30c99a7a9449aa84174']",0x0000000000000000000000000000000000000000002f9c06819cde68c08f43bb0000000000000000000000000000000000000000005ec65c089c9469d92ccf080000000000000000000000000000000000000000004bb311b30a7e255f802cae0000000000000000000000000000000000000000038bf91464c7ae13a1b3e2ed000000000000000000000000000000000000000003b17631d2b0a5e2f0a0fc78
58275150,2024-06-17 15:28:43,0x5c7b6627801746f61fa385c61846fef8d8f12bdb46ab223b0c1455340840721f,65,281,"['0x3115d1449a7b732c986cba18244e897a450f61e1bb8d589cd2e69e6c8924f9f7', '0x0000000000000000000000002791bca1f2de4661ed88a30c99a7a9449aa84174', '0x00000000000000000000000078f8bd884c3d738b74b420540659c82f392820e0', '0x00000000000000000000000078f8bd884c3d738b74b420540659c82f392820e0']",0x0000000000000000000000000000000000000000000000000000000005f5e100
58275186,2024-06-17 15:30:01,0x76b2df085255ecf1aa70ed0e6f3a4e21e2adc791af74c9635298aafab1dedd29,91,333,"['0x804c9b842b2748a22bb64b345453a3de7ca54a6ca45ce00d415894979e22897a', '0x0000000000000000000000002791bca1f2de4661ed88a30c99a7a9449aa84174']",0x0000000000000000000000000000000000000000002f9c0c002d8b06d4b6608e0000000000000000000000000000000000000000005ec65c42125a4a42c388a70000000000000000000000000000000000000000004bb316303df3ad9f46ad040000000000000000000000000000000000000000038bf91cdd5a1dc757413cd8000000000000000000000000000000000000000003b1763fd91a8740530cee62
58275186,2024-06-17 15:30:01,0x76b2df085255ecf1aa70ed0e6f3a4e21e2adc791af74c9635298aafab1dedd29,91,338,"['0x3115d1449a7b732c986cba18244e897a450f61e1bb8d589cd2e69e6c8924f9f7', '0x0000000000000000000000002791bca1f2de4661ed88a30c99a7a9449aa84174', '0x000000000000000000000000b518f00e9341c0beb39040f2ef1bc1f7892f59c5', '0x000000000000000000000000b518f00e9341c0beb39040f2ef1bc1f7892f59c5']",0x0000000000000000000000000000000000000000000000000000000001d12a64
58275196,2024-06-17 15:30:21,0x2066f784119924a7990b8afd5faa41555bc2c10529a7cb87179ed1c26011bf78,18,77,"['0x804c9b842b2748a22bb64b345453a3de7ca54a6ca45ce00d415894979e22897a', '0x0000000000000000000000002791bca1f2de4661ed88a30c99a7a9449aa84174']",0x0000000000000000000000000000000000000000002f9c0c1037b58c4847fc0a0000000000000000000000000000000000000000005ec65c42b12e8d567adc3b0000000000000000000000000000000000000000004bb3163ca688eb2999349e0000000000000000000000000000000000000000038bf91f0965adba25214812000000000000000000000000000000000000000003b1764371b934b90930188a
58275196,2024-06-17 15:30:21,0x2066f784119924a7990b8afd5faa41555bc2c10529a7cb87179ed1c26011bf78,18,81,"['0x3115d1449a7b732c986cba18244e897a450f61e1bb8d589cd2e69e6c8924f9f7', '0x0000000000000000000000002791bca1f2de4661ed88a30c99a7a9449aa84174', '0x000000000000000000000000db92b89ca415c0dab40dc96e99fc411c08f20780', '0x000000000000000000000000db92b89ca415c0dab40dc96e99fc411c08f20780']",0x0000000000000000000000000000000000000000000000000000000000000005
58275229,2024-06-17 15:31:31,0x5302f6150f92bbd03feba07475c9a9f3895e2c4f5a37d14cc772de031b21b0c2,31,169,"['0x804c9b842b2748a22bb64b345453a3de7ca54a6ca45ce00d415894979e22897a', '0x0000000000000000000000002791bca1f2de4661ed88a30c99a7a9449aa84174']",0x0000000000000000000000000000000000000000002f9c0c485b1e8b9646c94e0000000000000000000000000000000000000000005ec65c44dd13b1d13c60380000000000000000000000000000000000000000004bb31668146fc4c0b784600000000000000000000000000000000000000000038bf926a38e2cc37477a66c000000000000000000000000000000000000000003b1765007e4b18316a45180
58275229,2024-06-17 15:31:31,0x5302f6150f92bbd03feba07475c9a9f3895e2c4f5a37d14cc772de031b21b0c2,31,173,"['0x3115d1449a7b732c986cba18244e897a450f61e1bb8d589cd2e69e6c8924f9f7', '0x0000000000000000000000002791bca1f2de4661ed88a30c99a7a9449aa84174', '0x000000000000000000000000db92b89ca415c0dab40dc96e99fc411c08f20780', '0x000000000000000000000000db92b89ca415c0dab40dc96e99fc411c08f20780']",0x0000000000000000000000000000000000000000000000000000000000000002
58275236,2024-06-17 15:31:47,0x6b9cefbf79ac8bbb425bad5fd05fee49d0d85537b65dfb7056047fe2dc217d28,34,161,"['0x804c9b842b2748a22bb64b345453a3de7ca54a6ca45ce00d415894979e22897a', '0x0000000000000000000000002791bca1f2de4661ed88a30c99a7a9449aa84174']",0x0000000000000000000000000000000000000000002f9c24ac4111b31c5efe7a0000000000000000000000000000000000000000005ec65d448940e42aa02b4f0000000000000000000000000000000000000000004bb32a6187f7b3bc83622e0000000000000000000000000000000000000000038bf928606440f1f915fdf6000000000000000000000000000000000000000003b17652e863b1232690a348
58275236,2024-06-17 15:31:47,0x6b9cefbf79ac8bbb425bad5fd05fee49d0d85537b65dfb7056047fe2dc217d28,34,165,"['0x3115d1449a7b732c986cba18244e897a450f61e1bb8d589cd2e69e6c8924f9f7', '0x0000000000000000000000002791bca1f2de4661ed88a30c99a7a9449aa84174', '0x000000000000000000000000db92b89ca415c0dab40dc96e99fc411c08f20780', '0x000000000000000000000000db92b89ca415c0dab40dc96e99fc411c08f20780']",0x00000000000000000000000000000000000000000000000000000000086c928a
58275257,2024-06-17 15:32:31,0x0747774a0ec95b490daba8054fbf79f5dffbcd42752a72a139559efd86e1da2a,19,62,"['0x804c9b842b2748a22bb64b345453a3de7ca54a6ca45ce00d415894979e22897a', '0x0000000000000000000000002791bca1f2de4661ed88a30c99a7a9449aa84174']",0x0000000000000000000000000000000000000000002f9c24cf8a7ea9c48207a90000000000000000000000000000000000000000005ec65d45e6ab8dd55475f30000000000000000000000000000000000000000004bb32a7cd44cf5129937080000000000000000000000000000000000000000038bf92d27b36d7a8354b29c000000000000000000000000000000000000000003b1765ad1c31215790a481e
58275257,2024-06-17 15:32:31,0x0747774a0ec95b490daba8054fbf79f5dffbcd42752a72a139559efd86e1da2a,19,66,"['0x3115d1449a7b732c986cba18244e897a450f61e1bb8d589cd2e69e6c8924f9f7', '0x0000000000000000000000002791bca1f2de4661ed88a30c99a7a9449aa84174', '0x000000000000000000000000db92b89ca415c0dab40dc96e99fc411c08f20780', '0x000000000000000000000000db92b89ca415c0dab40dc96e99fc411c08f20780']",0x0000000000000000000000000000000000000000000000000000000000000003
58275285,2024-06-17 15:33:31,0x0704cebffe4dbc022771717640261b493dbb0ec5fd22f9ecf7eb711395d3c307,19,149,"['0x804c9b842b2748a22bb64b345453a3de7ca54a6ca45ce00d415894979e22897a', '0x0000000000000000000000002791bca1f2de4661ed88a30c99a7a9449aa84174']",0x0000000000000000000000000000000000000000002f9c24ffa8c7fb26af4d360000000000000000000000000000000000000000005ec65d47c3257737e110100000000000000000000000000000000000000000004bb32aa20dd330c59541540000000000000000000000000000000000000000038bf933abd9a08ac042ca31000000000000000000000000000000000000000003b176659ba258658b6d6181
58275285,2024-06-17 15:33:31,0x0704cebffe4dbc022771717640261b493dbb0ec5fd22f9ecf7eb711395d3c307,19,153,"['0x3115d1449a7b732c986cba18244e897a450f61e1bb8d589cd2e69e6c8924f9f7', '0x0000000000000000000000002791bca1f2de4661ed88a30c99a7a9449aa84174', '0x000000000000000000000000db92b89ca415c0dab40dc96e99fc411c08f20780', '0x000000000000000000000000db92b89ca415c0dab40dc96e99fc411c08f20780']",0x0000000000000000000000000000000000000000000000000000000000000002
58275332,2024-06-17 15:35:11,0x9539fbe4e66082b9484c15bcc296a40955cd27e882fb672572b71da846918743,21,162,"['0x804c9b842b2748a22bb64b345453a3de7ca54a6ca45ce00d415894979e22897a', '0x0000000000000000000000002791bca1f2de4661ed88a30c99a7a9449aa84174']",0x0000000000000000000000000000000000000000002f9c254fdb4be3797298e60000000000000000000000000000000000000000005ec65d4add466765eeba880000000000000000000000000000000000000000004bb32ae01865f45ea692a60000000000000000000000000000000000000000038bf93e881969e90503d5d1000000000000000000000000000000000000000003b1767796c171cb4e990ac9
58275332,2024-06-17 15:35:11,0x9539fbe4e66082b9484c15bcc296a40955cd27e882fb672572b71da846918743,21,166,"['0x3115d1449a7b732c986cba18244e897a450f61e1bb8d589cd2e69e6c8924f9f7', '0x0000000000000000000000002791bca1f2de4661ed88a30c99a7a9449aa84174', '0x000000000000000000000000db92b89ca415c0dab40dc96e99fc411c08f20780', '0x000000000000000000000000db92b89ca415c0dab40dc96e99fc411c08f20780']",0x0000000000000000000000000000000000000000000000000000000000000007
58275360,2024-06-17 15:36:11,0x73c3dd21b22c6886197b74bfbfa5fb939515cf1b8d2e0d8e2a2b2b7f2936122f,20,147,"['0x804c9b842b2748a22bb64b345453a3de7ca54a6ca45ce00d415894979e22897a', '0x0000000000000000000000002791bca1f2de4661ed88a30c99a7a9449aa84174']",0x0000000000000000000000000000000000000000002f9c257ff99475088b09520000000000000000000000000000000000000000005ec65d4cb9c04d71d2fa240000000000000000000000000000000000000000004bb32b0551ebed4c7b8ad10000000000000000000000000000000000000000038bf9450c3fce75dc08570c000000000000000000000000000000000000000003b1768260a11a4b93331c2e
58275360,2024-06-17 15:36:11,0x73c3dd21b22c6886197b74bfbfa5fb939515cf1b8d2e0d8e2a2b2b7f2936122f,20,151,"['0x3115d1449a7b732c986cba18244e897a450f61e1bb8d589cd2e69e6c8924f9f7', '0x0000000000000000000000002791bca1f2de4661ed88a30c99a7a9449aa84174', '0x000000000000000000000000db92b89ca415c0dab40dc96e99fc411c08f20780', '0x000000000000000000000000db92b89ca415c0dab40dc96e99fc411c08f20780']",0x0000000000000000000000000000000000000000000000000000000000000002
58275393,2024-06-17 15:37:21,0xe30776ae762ea64c7f07feadb31972f853ad8eb19e80279857aedda339cafaae,33,166,"['0x804c9b842b2748a22bb64b345453a3de7ca54a6ca45ce00d415894979e22897a', '0x0000000000000000000000002791bca1f2de4661ed88a30c99a7a9449aa84174']",0x0000000000000000000000000000000000000000002f9c25b81ce7b8d9de91230000000000000000000000000000000000000000005ec65d4ee5a3c09b3965d10000000000000000000000000000000000000000004bb32b30bfb0ec887bf4490000000000000000000000000000000000000000038bf94ca66caec0af738c15000000000000000000000000000000000000000003b1768ef6d0e23c06d23b99
58275393,2024-06-17 15:37:21,0xe30776ae762ea64c7f07feadb31972f853ad8eb19e80279857aedda339cafaae,33,170,"['0x3115d1449a7b732c986cba18244e897a450f61e1bb8d589cd2e69e6c8924f9f7', '0x0000000000000000000000002791bca1f2de4661ed88a30c99a7a9449aa84174', '0x000000000000000000000000db92b89ca415c0dab40dc96e99fc411c08f20780', '0x000000000000000000000000db92b89ca415c0dab40dc96e99fc411c08f20780']",0x0000000000000000000000000000000000000000000000000000000000000002
58275395,2024-06-17 15:37:25,0xb17cfa56851076852fe2eae41d24de9c3a88a1b3fec6a3d3bba8a5b8942c8955,3,12,"['0x804c9b842b2748a22bb64b345453a3de7ca54a6ca45ce00d415894979e22897a', '0x0000000000000000000000002791bca1f2de4661ed88a30c99a7a9449aa84174']",0x0000000000000000000000000000000000000000002f873c6db9c687e651bb040000000000000000000000000000000000000000005ec5873c84c0f5de672aeb0000000000000000000000000000000000000000004ba271c12df915c80f5a590000000000000000000000000000000000000000038bf94d15a273deb0c83155000000000000000000000000000000000000000003b1768faef0e0bd40a72201
58275395,2024-06-17 15:37:25,0xb17cfa56851076852fe2eae41d24de9c3a88a1b3fec6a3d3bba8a5b8942c8955,3,15,"['0xa534c8dbe71f871f9f3530e97a74601fea17b426cae02e1c5aee42c96c784051', '0x0000000000000000000000002791bca1f2de4661ed88a30c99a7a9449aa84174', '0x000000000000000000000000caf744e0f6d8dbd082cf2f86028f2e1abfc7befb', '0x0000000000000000000000007211ec72499d0b31a938174c8f287a2bee7289fb']",0x00000000000000000000000000000000000000000000000000000005d21dba000000000000000000000000000000000000000000000000000000000000000000
58275441,2024-06-17 15:39:03,0x06d259cdc9c0afec7d2443e8337e7cf2124eea882849209b0f104ad7ebe4edff,48,345,"['0x804c9b842b2748a22bb64b345453a3de7ca54a6ca45ce00d415894979e22897a', '0x0000000000000000000000002791bca1f2de4661ed88a30c99a7a9449aa84174']",0x0000000000000000000000000000000000000000002f873e450e6203334a52490000000000000000000000000000000000000000005ec5874fa8f9b7555537300000000000000000000000000000000000000000004ba2734002683312a84fb40000000000000000000000000000000000000000038bf957b59b19c3a8338d5a000000000000000000000000000000000000000003b176a14a1c4704cb68bfaf
58275441,2024-06-17 15:39:03,0x06d259cdc9c0afec7d2443e8337e7cf2124eea882849209b0f104ad7ebe4edff,48,349,"['0x3115d1449a7b732c986cba18244e897a450f61e1bb8d589cd2e69e6c8924f9f7', '0x0000000000000000000000002791bca1f2de4661ed88a30c99a7a9449aa84174', '0x000000000000000000000000db92b89ca415c0dab40dc96e99fc411c08f20780', '0x000000000000000000000000db92b89ca415c0dab40dc96e99fc411c08f20780']",0x00000000000000000000000000000000000000000000000000000000008822e2
58275452,2024-06-17 15:39:25,0x846499d41eea69c0c94dcc4b39e438eb8050f8dec6fe69841493f1d089d42d3d,33,159,"['0x804c9b842b2748a22bb64b345453a3de7ca54a6ca45ce00d415894979e22897a', '0x0000000000000000000000002791bca1f2de4661ed88a30c99a7a9449aa84174']",0x0000000000000000000000000000000000000000002f87ebfeb37f08973bc3a30000000000000000000000000000000000000000005ec58e6e89688cc7bef3320000000000000000000000000000000000000000004ba301a98b10e002eaffe00000000000000000000000000000000000000000038bf95a18364e218b50a68e000000000000000000000000000000000000000003b176a53decac8a79115bb0
58275452,2024-06-17 15:39:25,0x846499d41eea69c0c94dcc4b39e438eb8050f8dec6fe69841493f1d089d42d3d,33,163,"['0x3115d1449a7b732c986cba18244e897a450f61e1bb8d589cd2e69e6c8924f9f7', '0x0000000000000000000000002791bca1f2de4661ed88a30c99a7a9449aa84174', '0x000000000000000000000000db92b89ca415c0dab40dc96e99fc411c08f20780', '0x000000000000000000000000db92b89ca415c0dab40dc96e99fc411c08f20780']",0x000000000000000000000000000000000000000000000000000000003c34b5b6
58275787,2024-06-17 15:51:17,0x6e1d3f52814cffc33c811b808fd09346a4ba91316cd884324cca9400e67667c2,86,514,"['0x804c9b842b2748a22bb64b345453a3de7ca54a6ca45ce00d415894979e22897a', '0x0000000000000000000000002791bca1f2de4661ed88a30c99a7a9449aa84174']",0x0000000000000000000000000000000000000000002f8803a1ebafa0234a2b210000000000000000000000000000000000000000005ec58f5fe37657b706849d0000000000000000000000000000000000000000004ba314849424bab4825c3c0000000000000000000000000000000000000000038bf9a74ac11a309235b857000000000000000000000000000000000000000003b1772528e1d2e3fc4fd881
58275787,2024-06-17 15:51:17,0x6e1d3f52814cffc33c811b808fd09346a4ba91316cd884324cca9400e67667c2,86,516,"['0xb3d084820fb1a9decffb176436bd02558d15fac9b0ddfed8c465bc7359d7dce0', '0x0000000000000000000000002791bca1f2de4661ed88a30c99a7a9449aa84174', '0x0000000000000000000000000a7972db76bef61f7a474cb1fdd7ed5267637b0f', '0x0000000000000000000000000000000000000000000000000000000000000000']",0x0000000000000000000000000a7972db76bef61f7a474cb1fdd7ed5267637b0f0000000000000000000000000000000000000000000000000000000005f5e10000000000000000000000000000000000000000000000000000000000000000020000000000000000000000000000000000000000004ba314849424bab4825c3c
58275819,2024-06-17 15:52:25,0x3a1ee654f5b5b2f3f955e8254a7535a0033b369dff981e694ee38462fe7c8324,26,80,"['0x804c9b842b2748a22bb64b345453a3de7ca54a6ca45ce00d415894979e22897a', '0x0000000000000000000000002791bca1f2de4661ed88a30c99a7a9449aa84174']",0x0000000000000000000000000000000000000000002f88043ea889f57e6911070000000000000000000000000000000000000000005ec58f6630796c8eb79e5c0000000000000000000000000000000000000000004ba3150298625b8e585f2e0000000000000000000000000000000000000000038bf9aeaa347309ac21a2b3000000000000000000000000000000000000000003b17731606a7dc5496ff60b
58275819,2024-06-17 15:52:25,0x3a1ee654f5b5b2f3f955e8254a7535a0033b369dff981e694ee38462fe7c8324,26,84,"['0x3115d1449a7b732c986cba18244e897a450f61e1bb8d589cd2e69e6c8924f9f7', '0x0000000000000000000000002791bca1f2de4661ed88a30c99a7a9449aa84174', '0x000000000000000000000000db92b89ca415c0dab40dc96e99fc411c08f20780', '0x000000000000000000000000db92b89ca415c0dab40dc96e99fc411c08f20780']",0x000000000000000000000000000000000000000000000000000000000023696f
58275869,2024-06-17 15:54:11,0x1e6261942af3ab1c07a5b2988ee9beb6889d20adab073a07624ff1adf248f72b,24,158,"['0x804c9b842b2748a22bb64b345453a3de7ca54a6ca45ce00d415894979e22897a', '0x0000000000000000000000002791bca1f2de4661ed88a30c99a7a9449aa84174']",0x0000000000000000000000000000000000000000002f8bbf702000b29d7b2e400000000000000000000000000000000000000000005ec5b68bfde619e7447c310000000000000000000000000000000000000000004ba623f6a4dfe67959b3d50000000000000000000000000000000000000000038bf9ba28687f173e3fa675000000000000000000000000000000000000000003b177446bb0e96923ab8bc6
58275869,2024-06-17 15:54:11,0x1e6261942af3ab1c07a5b2988ee9beb6889d20adab073a07624ff1adf248f72b,24,163,"['0x3115d1449a7b732c986cba18244e897a450f61e1bb8d589cd2e69e6c8924f9f7', '0x0000000000000000000000002791bca1f2de4661ed88a30c99a7a9449aa84174', '0x000000000000000000000000c4aff49fced8ac1d818a6dcab063f9f97e66ec5e', '0x000000000000000000000000c4aff49fced8ac1d818a6dcab063f9f97e66ec5e']",0x00000000000000000000000000000000000000000000000000000000a56f4727
58275869,2024-06-17 15:54:11,0x1e6261942af3ab1c07a5b2988ee9beb6889d20adab073a07624ff1adf248f72b,24,166,"['0x804c9b842b2748a22bb64b345453a3de7ca54a6ca45ce00d415894979e22897a', '0x0000000000000000000000002791bca1f2de4661ed88a30c99a7a9449aa84174']",0x0000000000000000000000000000000000000000002f89e197bc701173fb33900000000000000000000000000000000000000000005ec5a2f693c667cca8be3c0000000000000000000000000000000000000000004ba49c4a5a65fc652edcc40000000000000000000000000000000000000000038bf9bc819aa9e392c0b2b3000000000000000000000000000000000000000003b177446bb0e96923ab8bc6
58275871,2024-06-17 15:54:15,0xadcc32119397e7ffa44c397555f505a9e7b25e44156802e4581fd45ba83730b1,12,40,"['0x804c9b842b2748a22bb64b345453a3de7ca54a6ca45ce00d415894979e22897a', '0x0000000000000000000000002791bca1f2de4661ed88a30c99a7a9449aa84174']",0x00000000000000000000000000000000000000000030561604ccde8be046e31a0000000000000000000000000000000000000000005ecdf899128205060014590000000000000000000000000000000000000000004c4b4cfc410e44e00196f70000000000000000000000000000000000000000038bf9bcf0a5d1ec44ed31ec000000000000000000000000000000000000000003b1774523ada247a61ce86a
58275871,2024-06-17 15:54:15,0xadcc32119397e7ffa44c397555f505a9e7b25e44156802e4581fd45ba83730b1,12,45,"['0x3115d1449a7b732c986cba18244e897a450f61e1bb8d589cd2e69e6c8924f9f7', '0x0000000000000000000000002791bca1f2de4661ed88a30c99a7a9449aa84174', '0x0000000000000000000000008290fda77c43437ab141d02ebc05f95bdd96e182', '0x0000000000000000000000008290fda77c43437ab141d02ebc05f95bdd96e182']",0x00000000000000000000000000000000000000000000000000000045e1977bbd
58275871,2024-06-17 15:54:15,0xadcc32119397e7ffa44c397555f505a9e7b25e44156802e4581fd45ba83730b1,12,63,"['0x804c9b842b2748a22bb64b345453a3de7ca54a6ca45ce00d415894979e22897a', '0x0000000000000000000000002791bca1f2de4661ed88a30c99a7a9449aa84174']",0x0000000000000000000000000000000000000000002f89383078f4b4ef6f5fc60000000000000000000000000000000000000000005ec59c05258039dd15ee950000000000000000000000000000000000000000004ba4116dbcea65adb6a3aa0000000000000000000000000000000000000000038bf9bcf0a5d1ec44ed31ec000000000000000000000000000000000000000003b1774523ada247a61ce86a
58275871,2024-06-17 15:54:15,0xadcc32119397e7ffa44c397555f505a9e7b25e44156802e4581fd45ba83730b1,12,69,"['0x2b627736bca15cd5381dcf80b0bf11fd197d01a037c52b927a881a10fb73ba61', '0x0000000000000000000000002791bca1f2de4661ed88a30c99a7a9449aa84174', '0x0000000000000000000000008290fda77c43437ab141d02ebc05f95bdd96e182', '0x0000000000000000000000000000000000000000000000000000000000000000']",0x0000000000000000000000008290fda77c43437ab141d02ebc05f95bdd96e182000000000000000000000000000000000000000000000000000000461c5038aa
58275888,2024-06-17 15:54:53,0x0b5de631a95b6a358dcacf5c1260daaf23d8466bb520de364f838462fc00d121,11,36,"['0x804c9b842b2748a22bb64b345453a3de7ca54a6ca45ce00d415894979e22897a', '0x0000000000000000000000002791bca1f2de4661ed88a30c99a7a9449aa84174']",0x0000000000000000000000000000000000000000002f893852a8e9e2c77324080000000000000000000000000000000000000000005ec59c067a882c82261c890000000000000000000000000000000000000000004ba4118861895a92fa3ab60000000000000000000000000000000000000000038bf9c10f811f92a7dd08f3000000000000000000000000000000000000000003b1774bf781fcd7740ec6d3
58275888,2024-06-17 15:54:53,0x0b5de631a95b6a358dcacf5c1260daaf23d8466bb520de364f838462fc00d121,11,40,"['0x3115d1449a7b732c986cba18244e897a450f61e1bb8d589cd2e69e6c8924f9f7', '0x0000000000000000000000002791bca1f2de4661ed88a30c99a7a9449aa84174', '0x000000000000000000000000db92b89ca415c0dab40dc96e99fc411c08f20780', '0x000000000000000000000000db92b89ca415c0dab40dc96e99fc411c08f20780']",0x00000000000000000000000000000000000000000000000000000000000146c0
58275892,2024-06-17 15:55:01,0x095e8d220f8f2718cdeaa8a33ec932c3f764cc39e78479620e0f8ff0b974004c,79,279,"['0x804c9b842b2748a22bb64b345453a3de7ca54a6ca45ce00d415894979e22897a', '0x0000000000000000000000002791bca1f2de4661ed88a30c99a7a9449aa84174']",0x0000000000000000000000000000000000000000002f89385e094e6f6a0084300000000000000000000000000000000000000000005ec59c06ee2d8616570c140000000000000000000000000000000000000000004ba411916a745a26ccf1880000000000000000000000000000000000000000038bf9c1ed9459f9150396f9000000000000000000000000000000000000000003b1774d6778cea74485f508
58275892,2024-06-17 15:55:01,0x095e8d220f8f2718cdeaa8a33ec932c3f764cc39e78479620e0f8ff0b974004c,79,283,"['0x3115d1449a7b732c986cba18244e897a450f61e1bb8d589cd2e69e6c8924f9f7', '0x0000000000000000000000002791bca1f2de4661ed88a30c99a7a9449aa84174', '0x000000000000000000000000db92b89ca415c0dab40dc96e99fc411c08f20780', '0x000000000000000000000000db92b89ca415c0dab40dc96e99fc411c08f20780']",0x000000000000000000000000000000000000000000000000000000000001b7a3
58275940,2024-06-17 15:56:43,0x81d7bb57b87a0a0cc607abc9809be8cf958e2cf1dec51379a5d43970ec0f2d77,29,184,"['0x804c9b842b2748a22bb64b345453a3de7ca54a6ca45ce00d415894979e22897a', '0x0000000000000000000000002791bca1f2de4661ed88a30c99a7a9449aa84174']",0x0000000000000000000000000000000000000000002f8938839c893ce6e398540000000000000000000000000000000000000000005ec59c0848fc0a9bee4bf90000000000000000000000000000000000000000004ba411ac8296b4969def7e0000000000000000000000000000000000000000038bf9ccfd0987ed2e5aa544000000000000000000000000000000000000000003b1775fbb03f4fa4a2acab4
58275940,2024-06-17 15:56:43,0x81d7bb57b87a0a0cc607abc9809be8cf958e2cf1dec51379a5d43970ec0f2d77,29,190,"['0x2b627736bca15cd5381dcf80b0bf11fd197d01a037c52b927a881a10fb73ba61', '0x0000000000000000000000002791bca1f2de4661ed88a30c99a7a9449aa84174', '0x00000000000000000000000030b6931ebcb998a7f5188d62e6af85d8d14503e3', '0x0000000000000000000000000000000000000000000000000000000000000000']",0x00000000000000000000000030b6931ebcb998a7f5188d62e6af85d8d14503e300000000000000000000000000000000000000000000000000000000000f5ba4
58275941,2024-06-17 15:56:45,0x7fc67c5553d56e8da718c8b880e4ac48f7729007e994941af48d0ee32eb0ad7f,18,61,"['0x804c9b842b2748a22bb64b345453a3de7ca54a6ca45ce00d415894979e22897a', '0x0000000000000000000000002791bca1f2de4661ed88a30c99a7a9449aa84174']",0x0000000000000000000000000000000000000000002f8938a7ec16283be7352d0000000000000000000000000000000000000000005ec59c09c50a7fb0cd68760000000000000000000000000000000000000000004ba411ca33b7da380c29310000000000000000000000000000000000000000038bf9cd348e577aab8da185000000000000000000000000000000000000000003b177601701ab7908028dc7
58275941,2024-06-17 15:56:45,0x7fc67c5553d56e8da718c8b880e4ac48f7729007e994941af48d0ee32eb0ad7f,18,65,"['0x3115d1449a7b732c986cba18244e897a450f61e1bb8d589cd2e69e6c8924f9f7', '0x0000000000000000000000002791bca1f2de4661ed88a30c99a7a9449aa84174', '0x000000000000000000000000db92b89ca415c0dab40dc96e99fc411c08f20780', '0x000000000000000000000000db92b89ca415c0dab40dc96e99fc411c08f20780']",0x00000000000000000000000000000000000000000000000000000000000c079e
58275952,2024-06-17 15:57:09,0x68235c47835c8685d60b544ad1da865058001e1f3b245e34a31d4934b5592e9e,12,61,"['0x804c9b842b2748a22bb64b345453a3de7ca54a6ca45ce00d415894979e22897a', '0x0000000000000000000000002791bca1f2de4661ed88a30c99a7a9449aa84174']",0x0000000000000000000000000000000000000000002f8938c0249acb3ac3cff40000000000000000000000000000000000000000005ec59c0ab802dde76a2f200000000000000000000000000000000000000000004ba411dd2f1f367c4bae820000000000000000000000000000000000000000038bf9cfcec814422d4f7add000000000000000000000000000000000000000003b1776466e63dd562b62995
58275952,2024-06-17 15:57:09,0x68235c47835c8685d60b544ad1da865058001e1f3b245e34a31d4934b5592e9e,12,65,"['0x3115d1449a7b732c986cba18244e897a450f61e1bb8d589cd2e69e6c8924f9f7', '0x0000000000000000000000002791bca1f2de4661ed88a30c99a7a9449aa84174', '0x000000000000000000000000db92b89ca415c0dab40dc96e99fc411c08f20780', '0x000000000000000000000000db92b89ca415c0dab40dc96e99fc411c08f20780']",0x000000000000000000000000000000000000000000000000000000000001b7a3
58275955,2024-06-17 15:57:15,0x14880c711e11c9fecaadc84ceb98515963814bf055c03d2afd58fa1d91f58099,15,51,"['0x804c9b842b2748a22bb64b345453a3de7ca54a6ca45ce00d415894979e22897a', '0x0000000000000000000000002791bca1f2de4661ed88a30c99a7a9449aa84174']",0x0000000000000000000000000000000000000000002f8938c9e9fb9c6266e1e60000000000000000000000000000000000000000005ec59c0b1bbdd5aa3f40400000000000000000000000000000000000000000004ba411e4f9ba91b4f104f00000000000000000000000000000000000000000038bf9d07556844320f48545000000000000000000000000000000000000000003b177657adf637b1d65bbd4
58275955,2024-06-17 15:57:15,0x14880c711e11c9fecaadc84ceb98515963814bf055c03d2afd58fa1d91f58099,15,55,"['0x3115d1449a7b732c986cba18244e897a450f61e1bb8d589cd2e69e6c8924f9f7', '0x0000000000000000000000002791bca1f2de4661ed88a30c99a7a9449aa84174', '0x000000000000000000000000db92b89ca415c0dab40dc96e99fc411c08f20780', '0x000000000000000000000000db92b89ca415c0dab40dc96e99fc411c08f20780']",0x000000000000000000000000000000000000000000000000000000000001b7a3
58275966,2024-06-17 15:57:37,0x8970e3d34dd18b7c5c434744baf947d689c0760d26dafb230a1427493e8e92aa,17,121,"['0x804c9b842b2748a22bb64b345453a3de7ca54a6ca45ce00d415894979e22897a', '0x0000000000000000000000002791bca1f2de4661ed88a30c99a7a9449aa84174']",0x0000000000000000000000000000000000000000002f8938e0877beccf9ddf430000000000000000000000000000000000000000005ec59c0bfecbccf0a48f9e0000000000000000000000000000000000000000004ba411f6b6d1e334db38610000000000000000000000000000000000000000038bf9d2d80b75342cd96637000000000000000000000000000000000000000003b177696ec645f434a30ab2
58275966,2024-06-17 15:57:37,0x8970e3d34dd18b7c5c434744baf947d689c0760d26dafb230a1427493e8e92aa,17,125,"['0x3115d1449a7b732c986cba18244e897a450f61e1bb8d589cd2e69e6c8924f9f7', '0x0000000000000000000000002791bca1f2de4661ed88a30c99a7a9449aa84174', '0x000000000000000000000000db92b89ca415c0dab40dc96e99fc411c08f20780', '0x000000000000000000000000db92b89ca415c0dab40dc96e99fc411c08f20780']",0x000000000000000000000000000000000000000000000000000000000001b7a3
58275994,2024-06-17 15:58:37,0x35405c6f465db72981740f73a077e9154aa735afdf928c89bc1448133214ca82,27,122,"['0x804c9b842b2748a22bb64b345453a3de7ca54a6ca45ce00d415894979e22897a', '0x0000000000000000000000002791bca1f2de4661ed88a30c99a7a9449aa84174']",0x0000000000000000000000000000000000000000002f89394020d65a8fdc4c120000000000000000000000000000000000000000005ec59c0fcdf3109d0a71050000000000000000000000000000000000000000004ba41242e5e32cacd0d4660000000000000000000000000000000000000000038bf9d9599bdf3e3a77e5eb000000000000000000000000000000000000000003b177743681dee91565e59b
58275994,2024-06-17 15:58:37,0x35405c6f465db72981740f73a077e9154aa735afdf928c89bc1448133214ca82,27,126,"['0x3115d1449a7b732c986cba18244e897a450f61e1bb8d589cd2e69e6c8924f9f7', '0x0000000000000000000000002791bca1f2de4661ed88a30c99a7a9449aa84174', '0x000000000000000000000000db92b89ca415c0dab40dc96e99fc411c08f20780', '0x000000000000000000000000db92b89ca415c0dab40dc96e99fc411c08f20780']",0x000000000000000000000000000000000000000000000000000000000010710c
58276005,2024-06-17 15:59:01,0x9b1189d507c78978e4bd028442ea35d072b639612098dff8ce93452bdca25d7e,58,297,"['0x804c9b842b2748a22bb64b345453a3de7ca54a6ca45ce00d415894979e22897a', '0x0000000000000000000000002791bca1f2de4661ed88a30c99a7a9449aa84174']",0x0000000000000000000000000000000000000000002f89397fb39daa02c88d660000000000000000000000000000000000000000005ec59c125dd28550e8560f0000000000000000000000000000000000000000004ba4127623584aba26b91f0000000000000000000000000000000000000000038bf9dbf3d5ad44310ba54c000000000000000000000000000000000000000003b1777886668fa59175aa7d
58276005,2024-06-17 15:59:01,0x9b1189d507c78978e4bd028442ea35d072b639612098dff8ce93452bdca25d7e,58,302,"['0x3115d1449a7b732c986cba18244e897a450f61e1bb8d589cd2e69e6c8924f9f7', '0x0000000000000000000000002791bca1f2de4661ed88a30c99a7a9449aa84174', '0x00000000000000000000000030b6931ebcb998a7f5188d62e6af85d8d14503e3', '0x00000000000000000000000030b6931ebcb998a7f5188d62e6af85d8d14503e3']",0x00000000000000000000000000000000000000000000000000000000000f5ba5
58276014,2024-06-17 15:59:19,0x1950402284213a44700eaf94078437b64efc68ae3cafac86a3d7efe1172c443e,82,320,"['0x804c9b842b2748a22bb64b345453a3de7ca54a6ca45ce00d415894979e22897a', '0x0000000000000000000000002791bca1f2de4661ed88a30c99a7a9449aa84174']",0x0000000000000000000000000000000000000000002f898f89053b672397deca0000000000000000000000000000000000000000005ec59f990e370f18deefd00000000000000000000000000000000000000000004ba458fbeb330e596abc3c0000000000000000000000000000000000000000038bf9dde7810bd38a103cd9000000000000000000000000000000000000000003b1777bc25219b197f44a0b
58276014,2024-06-17 15:59:19,0x1950402284213a44700eaf94078437b64efc68ae3cafac86a3d7efe1172c443e,82,324,"['0x3115d1449a7b732c986cba18244e897a450f61e1bb8d589cd2e69e6c8924f9f7', '0x0000000000000000000000002791bca1f2de4661ed88a30c99a7a9449aa84174', '0x000000000000000000000000bf4ebea7279de8517f60bd5fdbe9aebe03de90ed', '0x000000000000000000000000bf4ebea7279de8517f60bd5fdbe9aebe03de90ed']",0x000000000000000000000000000000000000000000000000000000001dcd6500
58276052,2024-06-17 16:00:41,0x0d7947fc143ddb81ab205b2e5c0e79161a1a521951af43480f63cd0a11b74d45,163,610,"['0x804c9b842b2748a22bb64b345453a3de7ca54a6ca45ce00d415894979e22897a', '0x0000000000000000000000002791bca1f2de4661ed88a30c99a7a9449aa84174']",0x0000000000000000000000000000000000000000002f89a0d2f0e6f04d3bd5090000000000000000000000000000000000000000005ec5a04e4ddfcc0e0ef3170000000000000000000000000000000000000000004ba46724e461d1812afdc20000000000000000000000000000000000000000038bf9e6cbd6baead6743b5a000000000000000000000000000000000000000003b1778a7e02c42b5ff017ea
58276052,2024-06-17 16:00:41,0x0d7947fc143ddb81ab205b2e5c0e79161a1a521951af43480f63cd0a11b74d45,163,614,"['0x3115d1449a7b732c986cba18244e897a450f61e1bb8d589cd2e69e6c8924f9f7', '0x0000000000000000000000002791bca1f2de4661ed88a30c99a7a9449aa84174', '0x000000000000000000000000db92b89ca415c0dab40dc96e99fc411c08f20780', '0x000000000000000000000000db92b89ca415c0dab40dc96e99fc411c08f20780']",0x0000000000000000000000000000000000000000000000000000000005e7416b
58276133,2024-06-17 16:03:33,0x9b533010014850f8da550214e004c7e19b0c39add81604e242c553d84ce05c56,65,225,"['0x804c9b842b2748a22bb64b345453a3de7ca54a6ca45ce00d415894979e22897a', '0x0000000000000000000000002791bca1f2de4661ed88a30c99a7a9449aa84174']",0x0000000000000000000000000000000000000000002f8ae4f3e33060604663d50000000000000000000000000000000000000000005ec5ad96bbc0a2879a5bad0000000000000000000000000000000000000000004ba570cd79f293000f298f0000000000000000000000000000000000000000038bf9f9729de943cf973b2c000000000000000000000000000000000000000003b177a96562e3a21e76be11
58276133,2024-06-17 16:03:33,0x9b533010014850f8da550214e004c7e19b0c39add81604e242c553d84ce05c56,65,230,"['0x3115d1449a7b732c986cba18244e897a450f61e1bb8d589cd2e69e6c8924f9f7', '0x0000000000000000000000002791bca1f2de4661ed88a30c99a7a9449aa84174', '0x000000000000000000000000bf4ebea7279de8517f60bd5fdbe9aebe03de90ed', '0x000000000000000000000000bf4ebea7279de8517f60bd5fdbe9aebe03de90ed']",0x000000000000000000000000000000000000000000000000000000007026718e
58276361,2024-06-17 16:11:37,0x4fe665fce66eba7b600237234a815d9044951cba85ec9056cdeee15a2eb8032c,44,1823,"['0x804c9b842b2748a22bb64b345453a3de7ca54a6ca45ce00d415894979e22897a', '0x0000000000000000000000002791bca1f2de4661ed88a30c99a7a9449aa84174']",0x0000000000000000000000000000000000000000002f8c26406807e59c9b3b390000000000000000000000000000000000000000005ec5bac0bb1a0b3e0055a90000000000000000000000000000000000000000004ba678156ceec14006b12e0000000000000000000000000000000000000000038bfa2df005b4915ca8dc7f000000000000000000000000000000000000000003b178005cd7d65546f6528c
58276361,2024-06-17 16:11:37,0x4fe665fce66eba7b600237234a815d9044951cba85ec9056cdeee15a2eb8032c,44,1827,"['0x3115d1449a7b732c986cba18244e897a450f61e1bb8d589cd2e69e6c8924f9f7', '0x0000000000000000000000002791bca1f2de4661ed88a30c99a7a9449aa84174', '0x000000000000000000000000a783f9ff9b48a3139c01d2885007f4f5b3623cd0', '0x000000000000000000000000cdc5560ab926dca3d4989bf814469af3f989ab2c']",0x000000000000000000000000000000000000000000000000000000006ed01ca0
58276361,2024-06-17 16:11:37,0x4fe665fce66eba7b600237234a815d9044951cba85ec9056cdeee15a2eb8032c,44,1836,"['0x804c9b842b2748a22bb64b345453a3de7ca54a6ca45ce00d415894979e22897a', '0x0000000000000000000000002791bca1f2de4661ed88a30c99a7a9449aa84174']",0x0000000000000000000000000000000000000000002f8bfa4eff8ac36a54db900000000000000000000000000000000000000000005ec5b8f3b79e7a7f8654540000000000000000000000000000000000000000004ba654112747725e7e96900000000000000000000000000000000000000000038bfa2df005b4915ca8dc7f000000000000000000000000000000000000000003b178005cd7d65546f6528c
58276361,2024-06-17 16:11:37,0x4fe665fce66eba7b600237234a815d9044951cba85ec9056cdeee15a2eb8032c,44,1841,"['0x2b627736bca15cd5381dcf80b0bf11fd197d01a037c52b927a881a10fb73ba61', '0x0000000000000000000000002791bca1f2de4661ed88a30c99a7a9449aa84174', '0x000000000000000000000000a783f9ff9b48a3139c01d2885007f4f5b3623cd0', '0x0000000000000000000000000000000000000000000000000000000000000000']",0x000000000000000000000000a783f9ff9b48a3139c01d2885007f4f5b3623cd0000000000000000000000000000000000000000000000000000000000f39f65e
58276471,2024-06-17 16:15:31,0xaba72cd8efd8982ae970718c622133ea4d3298047434bc5134fa5f48f78b6982,27,148,"['0x804c9b842b2748a22bb64b345453a3de7ca54a6ca45ce00d415894979e22897a', '0x0000000000000000000000002791bca1f2de4661ed88a30c99a7a9449aa84174']",0x0000000000000000000000000000000000000000002f8c3d6eb6bdabe621b4480000000000000000000000000000000000000000005ec5bbb37fb4153d32113c0000000000000000000000000000000000000000004ba68b0cc8f7892fe958b10000000000000000000000000000000000000000038bfa47513403532c506555000000000000000000000000000000000000000003b1782a6915cc07eefdb6a1
58276471,2024-06-17 16:15:31,0xaba72cd8efd8982ae970718c622133ea4d3298047434bc5134fa5f48f78b6982,27,152,"['0x3115d1449a7b732c986cba18244e897a450f61e1bb8d589cd2e69e6c8924f9f7', '0x0000000000000000000000002791bca1f2de4661ed88a30c99a7a9449aa84174', '0x000000000000000000000000db92b89ca415c0dab40dc96e99fc411c08f20780', '0x000000000000000000000000db92b89ca415c0dab40dc96e99fc411c08f20780']",0x0000000000000000000000000000000000000000000000000000000017011cac
58276483,2024-06-17 16:15:57,0xcfeca5d310318d31f6212779a6591e12bb88a3996a5268c14e9c590b8d602e33,20,70,"['0x804c9b842b2748a22bb64b345453a3de7ca54a6ca45ce00d415894979e22897a', '0x0000000000000000000000002791bca1f2de4661ed88a30c99a7a9449aa84174']",0x0000000000000000000000000000000000000000002f8cebe725e170103b738d0000000000000000000000000000000000000000005ec5c2d9cff00f2efbf2440000000000000000000000000000000000000000004ba71a0b0da71013aeed420000000000000000000000000000000000000000038bfa4a2320c61273715abd000000000000000000000000000000000000000003b1782f15203146c413cde1
58276483,2024-06-17 16:15:57,0xcfeca5d310318d31f6212779a6591e12bb88a3996a5268c14e9c590b8d602e33,20,74,"['0x3115d1449a7b732c986cba18244e897a450f61e1bb8d589cd2e69e6c8924f9f7', '0x0000000000000000000000002791bca1f2de4661ed88a30c99a7a9449aa84174', '0x000000000000000000000000db92b89ca415c0dab40dc96e99fc411c08f20780', '0x000000000000000000000000db92b89ca415c0dab40dc96e99fc411c08f20780']",0x000000000000000000000000000000000000000000000000000000003c6c2b5f
58276531,2024-06-17 16:17:39,0x97b493d81ffe88392a2d679276df35bbe593058acb19201f77e1f6f0b7960f35,76,452,"['0x804c9b842b2748a22bb64b345453a3de7ca54a6ca45ce00d415894979e22897a', '0x0000000000000000000000002791bca1f2de4661ed88a30c99a7a9449aa84174']",0x0000000000000000000000000000000000000000002f8cec3906b8e21442cdee0000000000000000000000000000000000000000005ec5c2dcfb6d4ead917f0a0000000000000000000000000000000000000000004ba71a4a737005f75deccf0000000000000000000000000000000000000000038bfa553374145efdc2aa3d000000000000000000000000000000000000000003b17841696bd7a743d7b853
58276531,2024-06-17 16:17:39,0x97b493d81ffe88392a2d679276df35bbe593058acb19201f77e1f6f0b7960f35,76,456,"['0x3115d1449a7b732c986cba18244e897a450f61e1bb8d589cd2e69e6c8924f9f7', '0x0000000000000000000000002791bca1f2de4661ed88a30c99a7a9449aa84174', '0x000000000000000000000000db92b89ca415c0dab40dc96e99fc411c08f20780', '0x000000000000000000000000db92b89ca415c0dab40dc96e99fc411c08f20780']",0x0000000000000000000000000000000000000000000000000000000000000131
58276568,2024-06-17 16:18:57,0xdd10b31e4a801c4ea352f2c3e27a1788bed790422ff2e473811ef2af70fa9a01,299,554,"['0x804c9b842b2748a22bb64b345453a3de7ca54a6ca45ce00d415894979e22897a', '0x0000000000000000000000002791bca1f2de4661ed88a30c99a7a9449aa84174']",0x0000000000000000000000000000000000000000002f80614f5be539cc825ce20000000000000000000000000000000000000000005ec542665524bc1d7f10280000000000000000000000000000000000000000004b9d110575c492b5ed43190000000000000000000000000000000000000000038bfa5da95997530ad8d809000000000000000000000000000000000000000003b1784f6da5fa5c58a33c34
58276568,2024-06-17 16:18:57,0xdd10b31e4a801c4ea352f2c3e27a1788bed790422ff2e473811ef2af70fa9a01,299,557,"['0xa534c8dbe71f871f9f3530e97a74601fea17b426cae02e1c5aee42c96c784051', '0x0000000000000000000000002791bca1f2de4661ed88a30c99a7a9449aa84174', '0x000000000000000000000000caf744e0f6d8dbd082cf2f86028f2e1abfc7befb', '0x0000000000000000000000007211ec72499d0b31a938174c8f287a2bee7289fb']",0x000000000000000000000000000000000000000000000000000000037e11d6000000000000000000000000000000000000000000000000000000000000000000
58276585,2024-06-17 16:19:33,0xd3b55a9db93d42241c87dc0ace13b0b7dff255a1d375ea1517e5b7aaf4c85d4c,217,796,"['0x804c9b842b2748a22bb64b345453a3de7ca54a6ca45ce00d415894979e22897a', '0x0000000000000000000000002791bca1f2de4661ed88a30c99a7a9449aa84174']",0x0000000000000000000000000000000000000000002f80616c4ab30751686c1e0000000000000000000000000000000000000000005ec54267741c3e4bef6d710000000000000000000000000000000000000000004b9d111be11abe56b48cd10000000000000000000000000000000000000000038bfa618ff6f397e1407efd000000000000000000000000000000000000000003b17855e4e52dac72e7e431
58276585,2024-06-17 16:19:33,0xd3b55a9db93d42241c87dc0ace13b0b7dff255a1d375ea1517e5b7aaf4c85d4c,217,800,"['0x3115d1449a7b732c986cba18244e897a450f61e1bb8d589cd2e69e6c8924f9f7', '0x0000000000000000000000002791bca1f2de4661ed88a30c99a7a9449aa84174', '0x000000000000000000000000db92b89ca415c0dab40dc96e99fc411c08f20780', '0x000000000000000000000000db92b89ca415c0dab40dc96e99fc411c08f20780']",0x00000000000000000000000000000000000000000000000000000000000001cf
58276592,2024-06-17 16:19:49,0xce9206c9259a7817d6281d66bcc7df3ffb03ff3789c404ca903b7c09a51dfb63,126,390,"['0x804c9b842b2748a22bb64b345453a3de7ca54a6ca45ce00d415894979e22897a', '0x0000000000000000000000002791bca1f2de4661ed88a30c99a7a9449aa84174']",0x0000000000000000000000000000000000000000002f67506b9f5df8f6e2b3c50000000000000000000000000000000000000000005ec44175d018a9e63921eb0000000000000000000000000000000000000000004b88fe3b10d3266476a6590000000000000000000000000000000000000000038bfa634bcb1f907eef05e1000000000000000000000000000000000000000003b17858c48f81da92eabafd
58276592,2024-06-17 16:19:49,0xce9206c9259a7817d6281d66bcc7df3ffb03ff3789c404ca903b7c09a51dfb63,126,393,"['0xa534c8dbe71f871f9f3530e97a74601fea17b426cae02e1c5aee42c96c784051', '0x0000000000000000000000002791bca1f2de4661ed88a30c99a7a9449aa84174', '0x000000000000000000000000caf744e0f6d8dbd082cf2f86028f2e1abfc7befb', '0x0000000000000000000000007211ec72499d0b31a938174c8f287a2bee7289fb']",0x00000000000000000000000000000000000000000000000000000006fc23ac000000000000000000000000000000000000000000000000000000000000000000
58276637,2024-06-17 16:21:23,0xbf1ccb01b5b6506757f5d311f92fabaeeb0228fba36d4b58d58ac5cd0c7c8166,78,188,"['0x804c9b842b2748a22bb64b345453a3de7ca54a6ca45ce00d415894979e22897a', '0x0000000000000000000000002791bca1f2de4661ed88a30c99a7a9449aa84174']",0x0000000000000000000000000000000000000000002f6faaf4186de75481599e0000000000000000000000000000000000000000005ec4971ec9838fdcd363ca0000000000000000000000000000000000000000004b8faf6e8d2d1da883cbbf0000000000000000000000000000000000000000038bfa6d75e9af011e583fa3000000000000000000000000000000000000000003b17869a21cf5a9fb189be4
58276637,2024-06-17 16:21:23,0xbf1ccb01b5b6506757f5d311f92fabaeeb0228fba36d4b58d58ac5cd0c7c8166,78,190,"['0xb3d084820fb1a9decffb176436bd02558d15fac9b0ddfed8c465bc7359d7dce0', '0x0000000000000000000000002791bca1f2de4661ed88a30c99a7a9449aa84174', '0x000000000000000000000000caf744e0f6d8dbd082cf2f86028f2e1abfc7befb', '0x0000000000000000000000000000000000000000000000000000000000000000']",0x0000000000000000000000007211ec72499d0b31a938174c8f287a2bee7289fb00000000000000000000000000000000000000000000000000000002540be40000000000000000000000000000000000000000000000000000000000000000020000000000000000000000000000000000000000004b8faf6e8d2d1da883cbbf
58276652,2024-06-17 16:21:55,0x7abad356ddbdeb815970d2e4963ce592e78a06920b1cd9730ef53a81e5ef9070,70,294,"['0x804c9b842b2748a22bb64b345453a3de7ca54a6ca45ce00d415894979e22897a', '0x0000000000000000000000002791bca1f2de4661ed88a30c99a7a9449aa84174']",0x0000000000000000000000000000000000000000002f6fc96d00375e1a0c367e0000000000000000000000000000000000000000005ec4985ed02de7b0623be70000000000000000000000000000000000000000004b8fc86f127bfa2facae000000000000000000000000000000000000000000038bfa70ec59c30b7a82f1e7000000000000000000000000000000000000000003b1786f606d5c352f95e949
58276652,2024-06-17 16:21:55,0x7abad356ddbdeb815970d2e4963ce592e78a06920b1cd9730ef53a81e5ef9070,70,298,"['0x3115d1449a7b732c986cba18244e897a450f61e1bb8d589cd2e69e6c8924f9f7', '0x0000000000000000000000002791bca1f2de4661ed88a30c99a7a9449aa84174', '0x000000000000000000000000db92b89ca415c0dab40dc96e99fc411c08f20780', '0x000000000000000000000000db92b89ca415c0dab40dc96e99fc411c08f20780']",0x000000000000000000000000000000000000000000000000000000000a8c8296
58276667,2024-06-17 16:22:27,0xdfa0d74c7a4e43ae351f8f683d018ee6ceb42eb22bec8525dc67769e17f18194,23,122,"['0x804c9b842b2748a22bb64b345453a3de7ca54a6ca45ce00d415894979e22897a', '0x0000000000000000000000002791bca1f2de4661ed88a30c99a7a9449aa84174']",0x0000000000000000000000000000000000000000002f78249097c4bccc24e35e0000000000000000000000000000000000000000005ec4ee05f59707a65708040000000000000000000000000000000000000000004b96797dfeb27966cca0450000000000000000000000000000000000000000038bfa7462cc13e65ce19a39000000000000000000000000000000000000000003b178751ebfb22fe07ad51e
58276667,2024-06-17 16:22:27,0xdfa0d74c7a4e43ae351f8f683d018ee6ceb42eb22bec8525dc67769e17f18194,23,124,"['0xb3d084820fb1a9decffb176436bd02558d15fac9b0ddfed8c465bc7359d7dce0', '0x0000000000000000000000002791bca1f2de4661ed88a30c99a7a9449aa84174', '0x000000000000000000000000caf744e0f6d8dbd082cf2f86028f2e1abfc7befb', '0x0000000000000000000000000000000000000000000000000000000000000000']",0x0000000000000000000000007211ec72499d0b31a938174c8f287a2bee7289fb00000000000000000000000000000000000000000000000000000002540be40000000000000000000000000000000000000000000000000000000000000000020000000000000000000000000000000000000000004b96797dfeb27966cca045
58276716,2024-06-17 16:24:11,0x8db691b30528490231d83cbd58c13cfabf0d30a004c860e34bf46f050a97b9ae,44,118,"['0x804c9b842b2748a22bb64b345453a3de7ca54a6ca45ce00d415894979e22897a', '0x0000000000000000000000002791bca1f2de4661ed88a30c99a7a9449aa84174']",0x0000000000000000000000000000000000000000002f9998d6a05badc5447dc70000000000000000000000000000000000000000005ec644a1c5a5f21f8f7ba80000000000000000000000000000000000000000004bb13daa3fdccadf35a9160000000000000000000000000000000000000000038bfa7fa5bb211bf9cb6e26000000000000000000000000000000000000000003b17887caf2b5bf3621e4b6
58276716,2024-06-17 16:24:11,0x8db691b30528490231d83cbd58c13cfabf0d30a004c860e34bf46f050a97b9ae,44,120,"['0xb3d084820fb1a9decffb176436bd02558d15fac9b0ddfed8c465bc7359d7dce0', '0x0000000000000000000000002791bca1f2de4661ed88a30c99a7a9449aa84174', '0x000000000000000000000000caf744e0f6d8dbd082cf2f86028f2e1abfc7befb', '0x0000000000000000000000000000000000000000000000000000000000000000']",0x0000000000000000000000007211ec72499d0b31a938174c8f287a2bee7289fb00000000000000000000000000000000000000000000000000000009502f900000000000000000000000000000000000000000000000000000000000000000020000000000000000000000000000000000000000004bb13daa3fdccadf35a916
58276717,2024-06-17 16:24:13,0xa0b9936ebf8b61c78c9e62fdfc71f800d02a9eea7158c6e7f39c9a52226a46ff,65,197,"['0x804c9b842b2748a22bb64b345453a3de7ca54a6ca45ce00d415894979e22897a', '0x0000000000000000000000002791bca1f2de4661ed88a30c99a7a9449aa84174']",0x0000000000000000000000000000000000000000003066c7ac41677eaf1a32380000000000000000000000000000000000000000005ecea3032b4dcc4208aa030000000000000000000000000000000000000000004c589d4630f9d590ad48350000000000000000000000000000000000000000038bfa7fdd531bf2532d160d000000000000000000000000000000000000000003b1788827008dee9ebef6b5
58276717,2024-06-17 16:24:13,0xa0b9936ebf8b61c78c9e62fdfc71f800d02a9eea7158c6e7f39c9a52226a46ff,65,202,"['0x3115d1449a7b732c986cba18244e897a450f61e1bb8d589cd2e69e6c8924f9f7', '0x0000000000000000000000002791bca1f2de4661ed88a30c99a7a9449aa84174', '0x0000000000000000000000008290fda77c43437ab141d02ebc05f95bdd96e182', '0x0000000000000000000000008290fda77c43437ab141d02ebc05f95bdd96e182']",0x000000000000000000000000000000000000000000000000000000461c5f45d0
58276717,2024-06-17 16:24:13,0xa0b9936ebf8b61c78c9e62fdfc71f800d02a9eea7158c6e7f39c9a52226a46ff,65,221,"['0x804c9b842b2748a22bb64b345453a3de7ca54a6ca45ce00d415894979e22897a', '0x0000000000000000000000002791bca1f2de4661ed88a30c99a7a9449aa84174']",0x0000000000000000000000000000000000000000002f99d149b60c5e657409bb0000000000000000000000000000000000000000005ec646f1a4595fbf1d20fe0000000000000000000000000000000000000000004bb16be7a5e15b564693e60000000000000000000000000000000000000000038bfa7fdd531bf2532d160d000000000000000000000000000000000000000003b1788827008dee9ebef6b5
58276717,2024-06-17 16:24:13,0xa0b9936ebf8b61c78c9e62fdfc71f800d02a9eea7158c6e7f39c9a52226a46ff,65,227,"['0x2b627736bca15cd5381dcf80b0bf11fd197d01a037c52b927a881a10fb73ba61', '0x0000000000000000000000002791bca1f2de4661ed88a30c99a7a9449aa84174', '0x0000000000000000000000008290fda77c43437ab141d02ebc05f95bdd96e182', '0x0000000000000000000000000000000000000000000000000000000000000000']",0x0000000000000000000000008290fda77c43437ab141d02ebc05f95bdd96e1820000000000000000000000000000000000000000000000000000004608d67667
58276720,2024-06-17 16:24:21,0x893f66b83348f7a755baea4fdc721ff9370a6bab4a77460712ffdd1ec8f8c2e0,28,116,"['0x804c9b842b2748a22bb64b345453a3de7ca54a6ca45ce00d415894979e22897a', '0x0000000000000000000000002791bca1f2de4661ed88a30c99a7a9449aa84174']",0x0000000000000000000000000000000000000000002f86fe77ebb49536acb54d0000000000000000000000000000000000000000005ec5863b9bd484241428640000000000000000000000000000000000000000004ba25daefb8033399327e20000000000000000000000000000000000000000038bfa80bbb40f1105a872f7000000000000000000000000000000000000000003b178899738cff69cb45416
58276720,2024-06-17 16:24:21,0x893f66b83348f7a755baea4fdc721ff9370a6bab4a77460712ffdd1ec8f8c2e0,28,119,"['0xa534c8dbe71f871f9f3530e97a74601fea17b426cae02e1c5aee42c96c784051', '0x0000000000000000000000002791bca1f2de4661ed88a30c99a7a9449aa84174', '0x000000000000000000000000caf744e0f6d8dbd082cf2f86028f2e1abfc7befb', '0x0000000000000000000000007211ec72499d0b31a938174c8f287a2bee7289fb']",0x000000000000000000000000000000000000000000000000000000053d1ac1000000000000000000000000000000000000000000000000000000000000000000
58276782,2024-06-17 16:26:31,0x138389bdb5fce1243ce9ebcfed5d5d28cb473ccd294cfe7aaa65a42809610887,21,131,"['0x804c9b842b2748a22bb64b345453a3de7ca54a6ca45ce00d415894979e22897a', '0x0000000000000000000000002791bca1f2de4661ed88a30c99a7a9449aa84174']",0x0000000000000000000000000000000000000000002f8750d5a1174d560c05d60000000000000000000000000000000000000000005ec5899bacedd291403ec90000000000000000000000000000000000000000004ba2a130517a53c104e7b50000000000000000000000000000000000000000038bfa8ed3c680f04ab6fb31000000000000000000000000000000000000000003b178a0f225295f7ccaca01
58276782,2024-06-17 16:26:31,0x138389bdb5fce1243ce9ebcfed5d5d28cb473ccd294cfe7aaa65a42809610887,21,135,"['0x3115d1449a7b732c986cba18244e897a450f61e1bb8d589cd2e69e6c8924f9f7', '0x0000000000000000000000002791bca1f2de4661ed88a30c99a7a9449aa84174', '0x000000000000000000000000db92b89ca415c0dab40dc96e99fc411c08f20780', '0x000000000000000000000000db92b89ca415c0dab40dc96e99fc411c08f20780']",0x000000000000000000000000000000000000000000000000000000001c68beb7
58276868,2024-06-17 16:29:36,0xf57e94e0405671d6a314f6b5853b4b6cab28558584a74be0a9918b3f1b217be3,26,112,"['0x804c9b842b2748a22bb64b345453a3de7ca54a6ca45ce00d415894979e22897a', '0x0000000000000000000000002791bca1f2de4661ed88a30c99a7a9449aa84174']",0x0000000000000000000000000000000000000000002f87516a2b9849d9defe8a0000000000000000000000000000000000000000005ec589a16d93d3f76ce44a0000000000000000000000000000000000000000004ba2a1a35e726fbc81d5cc0000000000000000000000000000000000000000038bfaa2e279f9f16a209cab000000000000000000000000000000000000000003b178c22ebb8c530060aad6
58276868,2024-06-17 16:29:36,0xf57e94e0405671d6a314f6b5853b4b6cab28558584a74be0a9918b3f1b217be3,26,116,"['0x3115d1449a7b732c986cba18244e897a450f61e1bb8d589cd2e69e6c8924f9f7', '0x0000000000000000000000002791bca1f2de4661ed88a30c99a7a9449aa84174', '0x000000000000000000000000db92b89ca415c0dab40dc96e99fc411c08f20780', '0x000000000000000000000000db92b89ca415c0dab40dc96e99fc411c08f20780']",0x000000000000000000000000000000000000000000000000000000000000018b
58276886,2024-06-17 16:30:14,0xc833e41e7b159d06eb2503ec6421d5d2ee3ede6e1d5909d46bce22ed4866215b,20,169,"['0x804c9b842b2748a22bb64b345453a3de7ca54a6ca45ce00d415894979e22897a', '0x0000000000000000000000002791bca1f2de4661ed88a30c99a7a9449aa84174']",0x0000000000000000000000000000000000000000002f8b6a16b19f3e0cc61ced0000000000000000000000000000000000000000005ec5b394c6db8be96334590000000000000000000000000000000000000000004ba5e8a6580ccea3c016e60000000000000000000000000000000000000000038bfaa7012c20d4f0e9dfe3000000000000000000000000000000000000000003b178c9027174bbb8b65b72
58276886,2024-06-17 16:30:14,0xc833e41e7b159d06eb2503ec6421d5d2ee3ede6e1d5909d46bce22ed4866215b,20,171,"['0xb3d084820fb1a9decffb176436bd02558d15fac9b0ddfed8c465bc7359d7dce0', '0x0000000000000000000000002791bca1f2de4661ed88a30c99a7a9449aa84174', '0x000000000000000000000000b48e85248d3fd32bba0ad94916f64674ab151b3e', '0x0000000000000000000000000000000000000000000000000000000000000000']",0x000000000000000000000000b48e85248d3fd32bba0ad94916f64674ab151b3e0000000000000000000000000000000000000000000000000000000123e725e900000000000000000000000000000000000000000000000000000000000000020000000000000000000000000000000000000000004ba5e8a6580ccea3c016e6
58276972,2024-06-17 16:33:16,0x5f0b91ef5d95c1d30074ec44b8b2b6409065d2908db3da4254a00b200150b6db,49,396,"['0x804c9b842b2748a22bb64b345453a3de7ca54a6ca45ce00d415894979e22897a', '0x0000000000000000000000002791bca1f2de4661ed88a30c99a7a9449aa84174']",0x0000000000000000000000000000000000000000002f8bbc0e1ae00b2a7bf8540000000000000000000000000000000000000000005ec5b6f0643e818e6046820000000000000000000000000000000000000000004ba62bcea3c7ff8785822c0000000000000000000000000000000000000000038bfababe4fca8de4eacaf3000000000000000000000000000000000000000003b178e9b679fd06f06b56e4
58276972,2024-06-17 16:33:16,0x5f0b91ef5d95c1d30074ec44b8b2b6409065d2908db3da4254a00b200150b6db,49,400,"['0x3115d1449a7b732c986cba18244e897a450f61e1bb8d589cd2e69e6c8924f9f7', '0x0000000000000000000000002791bca1f2de4661ed88a30c99a7a9449aa84174', '0x000000000000000000000000db92b89ca415c0dab40dc96e99fc411c08f20780', '0x000000000000000000000000db92b89ca415c0dab40dc96e99fc411c08f20780']",0x000000000000000000000000000000000000000000000000000000001c340944
58276991,2024-06-17 16:33:56,0xd8e923cacffc1e5093298b2579cb13d13ec3549cfa52c12bd25cb82b83081122,66,266,"['0x804c9b842b2748a22bb64b345453a3de7ca54a6ca45ce00d415894979e22897a', '0x0000000000000000000000002791bca1f2de4661ed88a30c99a7a9449aa84174']",0x0000000000000000000000000000000000000000002f8bd198049cdc27e1e5830000000000000000000000000000000000000000005ec5b7cce75a22516e1db40000000000000000000000000000000000000000004ba63d08e1f08ec49a52100000000000000000000000000000000000000000038bfabf14ebdca6e9b9ce63000000000000000000000000000000000000000003b178f0e6826565205cd6db
58276991,2024-06-17 16:33:56,0xd8e923cacffc1e5093298b2579cb13d13ec3549cfa52c12bd25cb82b83081122,66,268,"['0xb3d084820fb1a9decffb176436bd02558d15fac9b0ddfed8c465bc7359d7dce0', '0x0000000000000000000000002791bca1f2de4661ed88a30c99a7a9449aa84174', '0x000000000000000000000000318b12ea82e5a65d9d3175dda6abec13d57075b5', '0x0000000000000000000000000000000000000000000000000000000000000000']",0x000000000000000000000000318b12ea82e5a65d9d3175dda6abec13d57075b50000000000000000000000000000000000000000000000000000000005f5e10000000000000000000000000000000000000000000000000000000000000000020000000000000000000000000000000000000000004ba63d08e1f08ec49a5210
58277002,2024-06-17 16:34:20,0x107b89a85708ce10318b7556f707aa8c5af95c416d5dfdcad1b5a756118c8756,46,144,"['0x804c9b842b2748a22bb64b345453a3de7ca54a6ca45ce00d415894979e22897a', '0x0000000000000000000000002791bca1f2de4661ed88a30c99a7a9449aa84174']",0x0000000000000000000000000000000000000000002f8c23def6d510e7613d660000000000000000000000000000000000000000005ec5bb2c0cfddb7139b7e10000000000000000000000000000000000000000004ba68077d2bb0540825d8a0000000000000000000000000000000000000000038bfac1af4ab22a28523689000000000000000000000000000000000000000003b178f5368872f29b7fc66d
58277002,2024-06-17 16:34:20,0x107b89a85708ce10318b7556f707aa8c5af95c416d5dfdcad1b5a756118c8756,46,148,"['0x3115d1449a7b732c986cba18244e897a450f61e1bb8d589cd2e69e6c8924f9f7', '0x0000000000000000000000002791bca1f2de4661ed88a30c99a7a9449aa84174', '0x000000000000000000000000db92b89ca415c0dab40dc96e99fc411c08f20780', '0x000000000000000000000000db92b89ca415c0dab40dc96e99fc411c08f20780']",0x000000000000000000000000000000000000000000000000000000001c7b3189
58277045,2024-06-17 16:35:52,0xdbce1036e2025865c3959e3281b908400c6b937d463eb7271c94de122cf27734,123,463,"['0x804c9b842b2748a22bb64b345453a3de7ca54a6ca45ce00d415894979e22897a', '0x0000000000000000000000002791bca1f2de4661ed88a30c99a7a9449aa84174']",0x0000000000000000000000000000000000000000002f8c2905a180df185135fd0000000000000000000000000000000000000000005ec5bb61ec8b8cd8818a320000000000000000000000000000000000000000004ba684ad49cce1521ecbde0000000000000000000000000000000000000000038bfacba9c785a11d174621000000000000000000000000000000000000000003b17905beae920298742fdd
58277045,2024-06-17 16:35:52,0xdbce1036e2025865c3959e3281b908400c6b937d463eb7271c94de122cf27734,123,467,"['0x3115d1449a7b732c986cba18244e897a450f61e1bb8d589cd2e69e6c8924f9f7', '0x0000000000000000000000002791bca1f2de4661ed88a30c99a7a9449aa84174', '0x000000000000000000000000db92b89ca415c0dab40dc96e99fc411c08f20780', '0x000000000000000000000000db92b89ca415c0dab40dc96e99fc411c08f20780']",0x0000000000000000000000000000000000000000000000000000000001af4bec
58277157,2024-06-17 16:39:50,0xf1f27cd67800cfdc15e863cc29bdd79a7acebb378746246622e83d869480a5db,34,307,"['0x804c9b842b2748a22bb64b345453a3de7ca54a6ca45ce00d415894979e22897a', '0x0000000000000000000000002791bca1f2de4661ed88a30c99a7a9449aa84174']",0x0000000000000000000000000000000000000000002f8c29c4afb1aa28f3cf660000000000000000000000000000000000000000005ec5bb69522977bc29d8240000000000000000000000000000000000000000004ba685413a233b1b44e2c40000000000000000000000000000000000000000038bfae57a23c859225ab92a000000000000000000000000000000000000000003b179308314e8bc2b8c9e8a
58277157,2024-06-17 16:39:50,0xf1f27cd67800cfdc15e863cc29bdd79a7acebb378746246622e83d869480a5db,34,311,"['0x3115d1449a7b732c986cba18244e897a450f61e1bb8d589cd2e69e6c8924f9f7', '0x0000000000000000000000002791bca1f2de4661ed88a30c99a7a9449aa84174', '0x000000000000000000000000db92b89ca415c0dab40dc96e99fc411c08f20780', '0x000000000000000000000000db92b89ca415c0dab40dc96e99fc411c08f20780']",0x00000000000000000000000000000000000000000000000000000000000002bd
58277195,2024-06-17 16:41:10,0xf4f2110e061180e7d2bf782539751ef258d99b560a75dca4be01062a7331cdfa,61,291,"['0x804c9b842b2748a22bb64b345453a3de7ca54a6ca45ce00d415894979e22897a', '0x0000000000000000000000002791bca1f2de4661ed88a30c99a7a9449aa84174']",0x0000000000000000000000000000000000000000002f8c59baa5b39a2719b1d20000000000000000000000000000000000000000005ec5bd6056b73442e1cf010000000000000000000000000000000000000000004ba6ac8d9535f5a1a42c0b0000000000000000000000000000000000000000038bfaee27705a9b6cd5abdf000000000000000000000000000000000000000003b1793ee337da5a09f6f159
58277195,2024-06-17 16:41:10,0xf4f2110e061180e7d2bf782539751ef258d99b560a75dca4be01062a7331cdfa,61,296,"['0x3115d1449a7b732c986cba18244e897a450f61e1bb8d589cd2e69e6c8924f9f7', '0x0000000000000000000000002791bca1f2de4661ed88a30c99a7a9449aa84174', '0x000000000000000000000000c4aff49fced8ac1d818a6dcab063f9f97e66ec5e', '0x000000000000000000000000c4aff49fced8ac1d818a6dcab063f9f97e66ec5e']",0x000000000000000000000000000000000000000000000000000000001087aa38
58277211,2024-06-17 16:41:44,0x550ff88ef1a073b9ad92ebc0cf5642a71a79fd22b9a925634d3cebd3dc53a528,80,383,"['0x804c9b842b2748a22bb64b345453a3de7ca54a6ca45ce00d415894979e22897a', '0x0000000000000000000000002791bca1f2de4661ed88a30c99a7a9449aa84174']",0x0000000000000000000000000000000000000000002f8c53d0d6282f5042204c0000000000000000000000000000000000000000005ec5bd23c0ecd59a29f0880000000000000000000000000000000000000000004ba6a7d1e166907346ca9f0000000000000000000000000000000000000000038bfaf1d78173a587e1a462000000000000000000000000000000000000000003b17944ff49f1aa9a7848e2
58277211,2024-06-17 16:41:44,0x550ff88ef1a073b9ad92ebc0cf5642a71a79fd22b9a925634d3cebd3dc53a528,80,386,"['0xa534c8dbe71f871f9f3530e97a74601fea17b426cae02e1c5aee42c96c784051', '0x0000000000000000000000002791bca1f2de4661ed88a30c99a7a9449aa84174', '0x0000000000000000000000001d26679f71162938d2e244b5fe23dc282c9d72ae', '0x0000000000000000000000001d26679f71162938d2e244b5fe23dc282c9d72ae']",0x0000000000000000000000000000000000000000000000000000000001acf3660000000000000000000000000000000000000000000000000000000000000000
58277231,2024-06-17 16:42:26,0x224ee968ae6663662bcbf6162efcd0f1b8ed719184a3ba248ac1a46d2faffd58,58,591,"['0x804c9b842b2748a22bb64b345453a3de7ca54a6ca45ce00d415894979e22897a', '0x0000000000000000000000002791bca1f2de4661ed88a30c99a7a9449aa84174']",0x0000000000000000000000000000000000000000002f853b41b117e67d9ab5e60000000000000000000000000000000000000000005ec572af2e8bbb593b97460000000000000000000000000000000000000000004ba0d6b671d08360a7d1680000000000000000000000000000000000000000038bfaf665b42465d2d21fb1000000000000000000000000000000000000000003b1794c8b5fdfc5c41e67f2
58277231,2024-06-17 16:42:26,0x224ee968ae6663662bcbf6162efcd0f1b8ed719184a3ba248ac1a46d2faffd58,58,597,"['0x2b627736bca15cd5381dcf80b0bf11fd197d01a037c52b927a881a10fb73ba61', '0x0000000000000000000000002791bca1f2de4661ed88a30c99a7a9449aa84174', '0x000000000000000000000000ae19a98e719e34146b97c39b91c093e64f2aec1d', '0x0000000000000000000000000000000000000000000000000000000000000000']",0x000000000000000000000000c4aff49fced8ac1d818a6dcab063f9f97e66ec5e0000000000000000000000000000000000000000000000000000000275b2dc10
58277262,2024-06-17 16:43:32,0x697e9b71e3e4489196709a4cf20ca73704fe2f43b939705708e3459b0b546d21,25,84,"['0x804c9b842b2748a22bb64b345453a3de7ca54a6ca45ce00d415894979e22897a', '0x0000000000000000000000002791bca1f2de4661ed88a30c99a7a9449aa84174']",0x0000000000000000000000000000000000000000002f853b7ba1f09eb55a273a0000000000000000000000000000000000000000005ec572b16fe7f96095c79e0000000000000000000000000000000000000000004ba0d6e38d055bf3b3985b0000000000000000000000000000000000000000038bfafd8d3b7c8741806d5e000000000000000000000000000000000000000003b17958669902184bd94988
58277262,2024-06-17 16:43:32,0x697e9b71e3e4489196709a4cf20ca73704fe2f43b939705708e3459b0b546d21,25,88,"['0x3115d1449a7b732c986cba18244e897a450f61e1bb8d589cd2e69e6c8924f9f7', '0x0000000000000000000000002791bca1f2de4661ed88a30c99a7a9449aa84174', '0x000000000000000000000000db92b89ca415c0dab40dc96e99fc411c08f20780', '0x000000000000000000000000db92b89ca415c0dab40dc96e99fc411c08f20780']",0x000000000000000000000000000000000000000000000000000000000001b725
58277265,2024-06-17 16:43:40,0x379c475b5de2c689482c536039ef09c01e5800a777b0e36e89d8c6465a55f848,36,139,"['0x804c9b842b2748a22bb64b345453a3de7ca54a6ca45ce00d415894979e22897a', '0x0000000000000000000000002791bca1f2de4661ed88a30c99a7a9449aa84174']",0x0000000000000000000000000000000000000000002f853b87022a80f2f1ef5a0000000000000000000000000000000000000000005ec572b1e3915a239a96790000000000000000000000000000000000000000004ba0d6ec9640eb3013c17c0000000000000000000000000000000000000000038bfafe6b3c633ac6b54e31000000000000000000000000000000000000000003b17959d680eaab1e1e0d05
58277265,2024-06-17 16:43:40,0x379c475b5de2c689482c536039ef09c01e5800a777b0e36e89d8c6465a55f848,36,143,"['0x3115d1449a7b732c986cba18244e897a450f61e1bb8d589cd2e69e6c8924f9f7', '0x0000000000000000000000002791bca1f2de4661ed88a30c99a7a9449aa84174', '0x000000000000000000000000db92b89ca415c0dab40dc96e99fc411c08f20780', '0x000000000000000000000000db92b89ca415c0dab40dc96e99fc411c08f20780']",0x000000000000000000000000000000000000000000000000000000000001b7a4
58277267,2024-06-17 16:43:44,0x2ebe67d5a7bcdf5bb17312e0ca0b2f444c9ceb5c8284639436bb2e09fff8b45a,13,62,"['0x804c9b842b2748a22bb64b345453a3de7ca54a6ca45ce00d415894979e22897a', '0x0000000000000000000000002791bca1f2de4661ed88a30c99a7a9449aa84174']",0x0000000000000000000000000000000000000000002f8d9811b4481d7f3cbb1b0000000000000000000000000000000000000000005ec5c852cc1297fe4e07d30000000000000000000000000000000000000000004ba7877ec059c046189c7b0000000000000000000000000000000000000000038bfafeda3cd6ca3fcc9ed9000000000000000000000000000000000000000003b1795a8e74df40313a2751
58277267,2024-06-17 16:43:44,0x2ebe67d5a7bcdf5bb17312e0ca0b2f444c9ceb5c8284639436bb2e09fff8b45a,13,64,"['0xb3d084820fb1a9decffb176436bd02558d15fac9b0ddfed8c465bc7359d7dce0', '0x0000000000000000000000002791bca1f2de4661ed88a30c99a7a9449aa84174', '0x000000000000000000000000caf744e0f6d8dbd082cf2f86028f2e1abfc7befb', '0x0000000000000000000000000000000000000000000000000000000000000000']",0x0000000000000000000000007211ec72499d0b31a938174c8f287a2bee7289fb00000000000000000000000000000000000000000000000000000002540be40000000000000000000000000000000000000000000000000000000000000000020000000000000000000000000000000000000000004ba7877ec059c046189c7b
58277268,2024-06-17 16:43:46,0xe9bf5763b4a287902731830af3a816ad50c7664546cd67fcfcf2387f9b02b539,20,189,"['0x804c9b842b2748a22bb64b345453a3de7ca54a6ca45ce00d415894979e22897a', '0x0000000000000000000000002791bca1f2de4661ed88a30c99a7a9449aa84174']",0x0000000000000000000000000000000000000000002f8d981843e927b3704acc0000000000000000000000000000000000000000005ec5c8530ff8398dadebd10000000000000000000000000000000000000000004ba787840e4a5f79966c4e0000000000000000000000000000000000000000038bfaff11c6d49d649237cb000000000000000000000000000000000000000003b1795aea76fc5d08e4dcba
58277268,2024-06-17 16:43:46,0xe9bf5763b4a287902731830af3a816ad50c7664546cd67fcfcf2387f9b02b539,20,193,"['0x3115d1449a7b732c986cba18244e897a450f61e1bb8d589cd2e69e6c8924f9f7', '0x0000000000000000000000002791bca1f2de4661ed88a30c99a7a9449aa84174', '0x000000000000000000000000db92b89ca415c0dab40dc96e99fc411c08f20780', '0x000000000000000000000000db92b89ca415c0dab40dc96e99fc411c08f20780']",0x000000000000000000000000000000000000000000000000000000000001b7a4
58277271,2024-06-17 16:43:52,0xbd22d389ff27a21295ba2400419e4d7087c235a531ba92c9d09436399388727a,33,238,"['0x804c9b842b2748a22bb64b345453a3de7ca54a6ca45ce00d415894979e22897a', '0x0000000000000000000000002791bca1f2de4661ed88a30c99a7a9449aa84174']",0x0000000000000000000000000000000000000000002f8d98220962b28e55b6670000000000000000000000000000000000000000005ec5c85373aeb907c863170000000000000000000000000000000000000000004ba7878bd88c5503a7bdcb0000000000000000000000000000000000000000038bfaffb864ce3801087cac000000000000000000000000000000000000000003b1795bfe7d53fca342f4e6
58277271,2024-06-17 16:43:52,0xbd22d389ff27a21295ba2400419e4d7087c235a531ba92c9d09436399388727a,33,242,"['0x3115d1449a7b732c986cba18244e897a450f61e1bb8d589cd2e69e6c8924f9f7', '0x0000000000000000000000002791bca1f2de4661ed88a30c99a7a9449aa84174', '0x000000000000000000000000db92b89ca415c0dab40dc96e99fc411c08f20780', '0x000000000000000000000000db92b89ca415c0dab40dc96e99fc411c08f20780']",0x000000000000000000000000000000000000000000000000000000000001b7a4
58277273,2024-06-17 16:43:56,0x5d8128375c0c84feaa80bc2f576294a30117df2a037957aa5fe55cf518989558,44,439,"['0x804c9b842b2748a22bb64b345453a3de7ca54a6ca45ce00d415894979e22897a', '0x0000000000000000000000002791bca1f2de4661ed88a30c99a7a9449aa84174']",0x0000000000000000000000000000000000000000002f8d982a33f06835617e060000000000000000000000000000000000000000005ec5c853c77cc97392bd730000000000000000000000000000000000000000004ba7879264a59d6f76ccfc0000000000000000000000000000000000000000038bfb002778ca1f9e8ee24b000000000000000000000000000000000000000003b1795cb6818ea6c1a43081
58277273,2024-06-17 16:43:56,0x5d8128375c0c84feaa80bc2f576294a30117df2a037957aa5fe55cf518989558,44,443,"['0x3115d1449a7b732c986cba18244e897a450f61e1bb8d589cd2e69e6c8924f9f7', '0x0000000000000000000000002791bca1f2de4661ed88a30c99a7a9449aa84174', '0x000000000000000000000000db92b89ca415c0dab40dc96e99fc411c08f20780', '0x000000000000000000000000db92b89ca415c0dab40dc96e99fc411c08f20780']",0x000000000000000000000000000000000000000000000000000000000001b7a4
58277332,2024-06-17 16:46:02,0x0c6b4f239da82a26a7f9dfa26cb334dd310360b011561c6649a4deb93444426d,16,115,"['0x804c9b842b2748a22bb64b345453a3de7ca54a6ca45ce00d415894979e22897a', '0x0000000000000000000000002791bca1f2de4661ed88a30c99a7a9449aa84174']",0x0000000000000000000000000000000000000000002f8d9952115f6b7fcd57560000000000000000000000000000000000000000005ec5c85fac93498539919f0000000000000000000000000000000000000000004ba788804a679ed07f60690000000000000000000000000000000000000000038bfb0dd26e4d246b6d3481000000000000000000000000000000000000000003b179735b071027e696433b
58277332,2024-06-17 16:46:02,0x0c6b4f239da82a26a7f9dfa26cb334dd310360b011561c6649a4deb93444426d,16,119,"['0x3115d1449a7b732c986cba18244e897a450f61e1bb8d589cd2e69e6c8924f9f7', '0x0000000000000000000000002791bca1f2de4661ed88a30c99a7a9449aa84174', '0x000000000000000000000000db92b89ca415c0dab40dc96e99fc411c08f20780', '0x000000000000000000000000db92b89ca415c0dab40dc96e99fc411c08f20780']",0x0000000000000000000000000000000000000000000000000000000000437b82
58277474,2024-06-17 16:51:04,0xb54289815edc916c263099c06b45f7beaa4fe4ddb7ddba60722c330a8bb2ed8c,34,128,"['0x804c9b842b2748a22bb64b345453a3de7ca54a6ca45ce00d415894979e22897a', '0x0000000000000000000000002791bca1f2de4661ed88a30c99a7a9449aa84174']",0x0000000000000000000000000000000000000000002f8da22f32b7d1175062da0000000000000000000000000000000000000000005ec5c8bc1bfeb19146a1fe0000000000000000000000000000000000000000004ba78fb8fecbbfc184a7d20000000000000000000000000000000000000000038bfb2e94d46ba550d5eed0000000000000000000000000000000000000000003b179a9a049ed6beb3683a0
58277474,2024-06-17 16:51:04,0xb54289815edc916c263099c06b45f7beaa4fe4ddb7ddba60722c330a8bb2ed8c,34,133,"['0x3115d1449a7b732c986cba18244e897a450f61e1bb8d589cd2e69e6c8924f9f7', '0x0000000000000000000000002791bca1f2de4661ed88a30c99a7a9449aa84174', '0x000000000000000000000000e3090207a2de94a856ea10a7e1bd36dd6145712b', '0x000000000000000000000000e3090207a2de94a856ea10a7e1bd36dd6145712b']",0x0000000000000000000000000000000000000000000000000000000002be52d5
58277564,2024-06-17 16:54:14,0x610b08e35c1f578b0b95382adf3cbf1bce1004e66d5fbc0224fefec180c5e3bc,22,124,"['0x804c9b842b2748a22bb64b345453a3de7ca54a6ca45ce00d415894979e22897a', '0x0000000000000000000000002791bca1f2de4661ed88a30c99a7a9449aa84174']",0x000000000000000000000000000000000000000000305a5638b4e0a0ca92ee420000000000000000000000000000000000000000005ece23327c19f902feebfc0000000000000000000000000000000000000000004c4ea0f880ed54a3ea6fb10000000000000000000000000000000000000000038bfb43310f14ac4a83e753000000000000000000000000000000000000000003b179cbc519e8da4d0b5d99
58277564,2024-06-17 16:54:14,0x610b08e35c1f578b0b95382adf3cbf1bce1004e66d5fbc0224fefec180c5e3bc,22,129,"['0x3115d1449a7b732c986cba18244e897a450f61e1bb8d589cd2e69e6c8924f9f7', '0x0000000000000000000000002791bca1f2de4661ed88a30c99a7a9449aa84174', '0x0000000000000000000000008290fda77c43437ab141d02ebc05f95bdd96e182', '0x0000000000000000000000008290fda77c43437ab141d02ebc05f95bdd96e182']",0x0000000000000000000000000000000000000000000000000000004608e5874f
58277564,2024-06-17 16:54:14,0x610b08e35c1f578b0b95382adf3cbf1bce1004e66d5fbc0224fefec180c5e3bc,22,148,"['0x804c9b842b2748a22bb64b345453a3de7ca54a6ca45ce00d415894979e22897a', '0x0000000000000000000000002791bca1f2de4661ed88a30c99a7a9449aa84174']",0x0000000000000000000000000000000000000000002f8db0ca3e8d418ecf872b0000000000000000000000000000000000000000005ec5c954fb6709659f52910000000000000000000000000000000000000000004ba79baa72f29c587273500000000000000000000000000000000000000000038bfb43310f14ac4a83e753000000000000000000000000000000000000000003b179cbc519e8da4d0b5d99
58277564,2024-06-17 16:54:14,0x610b08e35c1f578b0b95382adf3cbf1bce1004e66d5fbc0224fefec180c5e3bc,22,154,"['0x2b627736bca15cd5381dcf80b0bf11fd197d01a037c52b927a881a10fb73ba61', '0x0000000000000000000000002791bca1f2de4661ed88a30c99a7a9449aa84174', '0x0000000000000000000000008290fda77c43437ab141d02ebc05f95bdd96e182', '0x0000000000000000000000000000000000000000000000000000000000000000']",0x0000000000000000000000008290fda77c43437ab141d02ebc05f95bdd96e18200000000000000000000000000000000000000000000000000000046040ab23b
58278048,2024-06-17 17:11:24,0x5db65a919b57124304d82a588af90abfd6551674338681297e24c22b76eb129f,41,264,"['0x804c9b842b2748a22bb64b345453a3de7ca54a6ca45ce00d415894979e22897a', '0x0000000000000000000000002791bca1f2de4661ed88a30c99a7a9449aa84174']",0x0000000000000000000000000000000000000000002f8e12afb0d076462997670000000000000000000000000000000000000000005ec5cd561086bf5b5c6ab40000000000000000000000000000000000000000004ba7ebc0196cd38b38560c0000000000000000000000000000000000000000038bfbb2ebeb3284392e7bb0000000000000000000000000000000000000000003b17a84ddb412742c01ff0b
58278048,2024-06-17 17:11:24,0x5db65a919b57124304d82a588af90abfd6551674338681297e24c22b76eb129f,41,268,"['0x3115d1449a7b732c986cba18244e897a450f61e1bb8d589cd2e69e6c8924f9f7', '0x0000000000000000000000002791bca1f2de4661ed88a30c99a7a9449aa84174', '0x000000000000000000000000db92b89ca415c0dab40dc96e99fc411c08f20780', '0x000000000000000000000000db92b89ca415c0dab40dc96e99fc411c08f20780']",0x0000000000000000000000000000000000000000000000000000000020cdc154
58278052,2024-06-17 17:11:32,0x72b015263ba112efb59b543de5321ac44afc73f3d1c361a888a1dd360475a8c8,51,240,"['0x804c9b842b2748a22bb64b345453a3de7ca54a6ca45ce00d415894979e22897a', '0x0000000000000000000000002791bca1f2de4661ed88a30c99a7a9449aa84174']",0x0000000000000000000000000000000000000000002f8e685a1117c20402793d0000000000000000000000000000000000000000005ec5d0c3287c0d792c3b3c0000000000000000000000000000000000000000004ba83045f896eddf74a0a90000000000000000000000000000000000000000038bfbb3ca1592b61a04575f000000000000000000000000000000000000000003b17a864dbee2f19c08b025
58278052,2024-06-17 17:11:32,0x72b015263ba112efb59b543de5321ac44afc73f3d1c361a888a1dd360475a8c8,51,242,"['0xb3d084820fb1a9decffb176436bd02558d15fac9b0ddfed8c465bc7359d7dce0', '0x0000000000000000000000002791bca1f2de4661ed88a30c99a7a9449aa84174', '0x000000000000000000000000ca002d13e09ad15729f74f05cfa7f73bd88faa1e', '0x0000000000000000000000000000000000000000000000000000000000000000']",0x000000000000000000000000ca002d13e09ad15729f74f05cfa7f73bd88faa1e0000000000000000000000000000000000000000000000000000000017d7840000000000000000000000000000000000000000000000000000000000000000020000000000000000000000000000000000000000004ba83045f896eddf74a0a9
58278147,2024-06-17 17:14:54,0x18370dce21051d0e1d92b26ee5c6c5bc0db04feed9c63385cffe6efd81ec6d4d,16,65,"['0x804c9b842b2748a22bb64b345453a3de7ca54a6ca45ce00d415894979e22897a', '0x0000000000000000000000002791bca1f2de4661ed88a30c99a7a9449aa84174']",0x0000000000000000000000000000000000000000002f91c1753672569669e3e30000000000000000000000000000000000000000005ec5f309e14fef618d56880000000000000000000000000000000000000000004baaddcc692494070ac28c0000000000000000000000000000000000000000038bfbc9b3eb0e4525fc07d7000000000000000000000000000000000000000003b17aaa9af18daefa74eb78
58278147,2024-06-17 17:14:54,0x18370dce21051d0e1d92b26ee5c6c5bc0db04feed9c63385cffe6efd81ec6d4d,16,67,"['0xb3d084820fb1a9decffb176436bd02558d15fac9b0ddfed8c465bc7359d7dce0', '0x0000000000000000000000002791bca1f2de4661ed88a30c99a7a9449aa84174', '0x0000000000000000000000009903f1e3cd790bcbb5fc52eee543364f09793060', '0x0000000000000000000000000000000000000000000000000000000000000000']",0x0000000000000000000000009903f1e3cd790bcbb5fc52eee543364f0979306000000000000000000000000000000000000000000000000000000000ee6b280000000000000000000000000000000000000000000000000000000000000000020000000000000000000000000000000000000000004baaddcc692494070ac28c
58278209,2024-06-17 17:17:06,0xcb8da0e746042f5a56d0e17dbd371052659de45538c753a47d72128ac6984108,102,489,"['0x804c9b842b2748a22bb64b345453a3de7ca54a6ca45ce00d415894979e22897a', '0x0000000000000000000000002791bca1f2de4661ed88a30c99a7a9449aa84174']",0x0000000000000000000000000000000000000000002f91cfa31abce7722fb1240000000000000000000000000000000000000000005ec5f39e5bd8a954c022e80000000000000000000000000000000000000000004baae965fbd31b0702ba180000000000000000000000000000000000000000038bfbd806c27e29e22726c3000000000000000000000000000000000000000003b17ac25491a52dc64aee9a
58278209,2024-06-17 17:17:06,0xcb8da0e746042f5a56d0e17dbd371052659de45538c753a47d72128ac6984108,102,493,"['0x3115d1449a7b732c986cba18244e897a450f61e1bb8d589cd2e69e6c8924f9f7', '0x0000000000000000000000002791bca1f2de4661ed88a30c99a7a9449aa84174', '0x000000000000000000000000da26524869d92d18d756f29127a8c3d0b7fa2c53', '0x000000000000000000000000da26524869d92d18d756f29127a8c3d0b7fa2c53']",0x0000000000000000000000000000000000000000000000000000000004c4b400
58278249,2024-06-17 17:18:30,0x7da19e4e9c098fa11600d4d40c65d95b64b7f1895ed056729dca78095a5101e9,29,104,"['0x804c9b842b2748a22bb64b345453a3de7ca54a6ca45ce00d415894979e22897a', '0x0000000000000000000000002791bca1f2de4661ed88a30c99a7a9449aa84174']",0x0000000000000000000000000000000000000000002f922e4e5fbdcef348c64d0000000000000000000000000000000000000000005ec5f77f21624b70a105ef0000000000000000000000000000000000000000004bab36f56a93c5349476ab0000000000000000000000000000000000000000038bfbe124372d5bc569eb60000000000000000000000000000000000000000003b17ad16d9d0e2da2d30b0d
58278249,2024-06-17 17:18:30,0x7da19e4e9c098fa11600d4d40c65d95b64b7f1895ed056729dca78095a5101e9,29,108,"['0x3115d1449a7b732c986cba18244e897a450f61e1bb8d589cd2e69e6c8924f9f7', '0x0000000000000000000000002791bca1f2de4661ed88a30c99a7a9449aa84174', '0x000000000000000000000000db92b89ca415c0dab40dc96e99fc411c08f20780', '0x000000000000000000000000db92b89ca415c0dab40dc96e99fc411c08f20780']",0x0000000000000000000000000000000000000000000000000000000020b384cb
58278316,2024-06-17 17:20:52,0x91c53f72939b595eed4703871e9fa142d08dadd784f1741702a1b8e676fef431,50,148,"['0x804c9b842b2748a22bb64b345453a3de7ca54a6ca45ce00d415894979e22897a', '0x0000000000000000000000002791bca1f2de4661ed88a30c99a7a9449aa84174']",0x0000000000000000000000000000000000000000002f923076dffaa97fae019f0000000000000000000000000000000000000000005ec5f79513ccf1aaf7b1240000000000000000000000000000000000000000004bab38ac5ae8c1c359d6c90000000000000000000000000000000000000000038bfbf08cfcc5ea95d1d593000000000000000000000000000000000000000003b17aeaf37bd0a8426a431d
58278316,2024-06-17 17:20:52,0x91c53f72939b595eed4703871e9fa142d08dadd784f1741702a1b8e676fef431,50,150,"['0xb3d084820fb1a9decffb176436bd02558d15fac9b0ddfed8c465bc7359d7dce0', '0x0000000000000000000000002791bca1f2de4661ed88a30c99a7a9449aa84174', '0x000000000000000000000000a434187047120684940f946f367ba9a16db11b4c', '0x0000000000000000000000000000000000000000000000000000000000000000']",0x000000000000000000000000a434187047120684940f946f367ba9a16db11b4c00000000000000000000000000000000000000000000000000000000007a120000000000000000000000000000000000000000000000000000000000000000020000000000000000000000000000000000000000004bab38ac5ae8c1c359d6c9
58278359,2024-06-17 17:22:24,0xf12b84d2e8f209ee5e1c183eaffe09f2b512c700cc8ae5fc7028e5072e7ae884,33,113,"['0x804c9b842b2748a22bb64b345453a3de7ca54a6ca45ce00d415894979e22897a', '0x0000000000000000000000002791bca1f2de4661ed88a30c99a7a9449aa84174']",0x0000000000000000000000000000000000000000002f92c6a74f2644386d844e0000000000000000000000000000000000000000005ec5fd9670361f89e609fb0000000000000000000000000000000000000000004babb0c79320572df8c7ac0000000000000000000000000000000000000000038bfbfa88c1ec230d012188000000000000000000000000000000000000000003b17afb7cb2bd693e9960e8
58278359,2024-06-17 17:22:24,0xf12b84d2e8f209ee5e1c183eaffe09f2b512c700cc8ae5fc7028e5072e7ae884,33,115,"['0xb3d084820fb1a9decffb176436bd02558d15fac9b0ddfed8c465bc7359d7dce0', '0x0000000000000000000000002791bca1f2de4661ed88a30c99a7a9449aa84174', '0x000000000000000000000000ca002d13e09ad15729f74f05cfa7f73bd88faa1e', '0x0000000000000000000000000000000000000000000000000000000000000000']",0x000000000000000000000000ca002d13e09ad15729f74f05cfa7f73bd88faa1e0000000000000000000000000000000000000000000000000000000029b9270000000000000000000000000000000000000000000000000000000000000000020000000000000000000000000000000000000000004babb0c79320572df8c7ac
58278410,2024-06-17 17:24:12,0xf928bef1cbc9066c4ccc7858b90cde543961cecf9dca0e014bcadea91c96b662,9,24,"['0x804c9b842b2748a22bb64b345453a3de7ca54a6ca45ce00d415894979e22897a', '0x0000000000000000000000002791bca1f2de4661ed88a30c99a7a9449aa84174']",0x000000000000000000000000000000000000000000305f84aa1f83d7fe288d5b0000000000000000000000000000000000000000005ece57fcbe3f229e9c8f0f0000000000000000000000000000000000000000004c52c0c5abd494cc3b2d2c0000000000000000000000000000000000000000038bfc064127882b23a16805000000000000000000000000000000000000000003b17b0ee63eeb5666a16f75
58278410,2024-06-17 17:24:12,0xf928bef1cbc9066c4ccc7858b90cde543961cecf9dca0e014bcadea91c96b662,9,29,"['0x3115d1449a7b732c986cba18244e897a450f61e1bb8d589cd2e69e6c8924f9f7', '0x0000000000000000000000002791bca1f2de4661ed88a30c99a7a9449aa84174', '0x0000000000000000000000008290fda77c43437ab141d02ebc05f95bdd96e182', '0x0000000000000000000000008290fda77c43437ab141d02ebc05f95bdd96e182']",0x000000000000000000000000000000000000000000000000000000460419bce0
58278410,2024-06-17 17:24:12,0xf928bef1cbc9066c4ccc7858b90cde543961cecf9dca0e014bcadea91c96b662,9,47,"['0x804c9b842b2748a22bb64b345453a3de7ca54a6ca45ce00d415894979e22897a', '0x0000000000000000000000002791bca1f2de4661ed88a30c99a7a9449aa84174']",0x0000000000000000000000000000000000000000002f92ddc50dd4ec42ac63a40000000000000000000000000000000000000000005ec5fe88af432efbcdfed60000000000000000000000000000000000000000004babc3b480258c1417e8aa0000000000000000000000000000000000000000038bfc064127882b23a16805000000000000000000000000000000000000000003b17b0ee63eeb5666a16f75
58278410,2024-06-17 17:24:12,0xf928bef1cbc9066c4ccc7858b90cde543961cecf9dca0e014bcadea91c96b662,9,53,"['0x2b627736bca15cd5381dcf80b0bf11fd197d01a037c52b927a881a10fb73ba61', '0x0000000000000000000000002791bca1f2de4661ed88a30c99a7a9449aa84174', '0x0000000000000000000000008290fda77c43437ab141d02ebc05f95bdd96e182', '0x0000000000000000000000000000000000000000000000000000000000000000']",0x0000000000000000000000008290fda77c43437ab141d02ebc05f95bdd96e18200000000000000000000000000000000000000000000000000000045fc360ffe
58278435,2024-06-17 17:25:06,0x9a4809a2f2a4601a0103aa5e35b13bb6ecb769d4160f33d88f796c40bcffca26,39,294,"['0x804c9b842b2748a22bb64b345453a3de7ca54a6ca45ce00d415894979e22897a', '0x0000000000000000000000002791bca1f2de4661ed88a30c99a7a9449aa84174']",0x0000000000000000000000000000000000000000002f90bc1de0b1edcc5d6c380000000000000000000000000000000000000000005ec5e82d888b9548dda27e0000000000000000000000000000000000000000004baa049579cd8a1950b1da0000000000000000000000000000000000000000038bfc0c1d5d42814c2cd772000000000000000000000000000000000000000003b17b189b07960382a6a99d
58278435,2024-06-17 17:25:06,0x9a4809a2f2a4601a0103aa5e35b13bb6ecb769d4160f33d88f796c40bcffca26,39,299,"['0x2b627736bca15cd5381dcf80b0bf11fd197d01a037c52b927a881a10fb73ba61', '0x0000000000000000000000002791bca1f2de4661ed88a30c99a7a9449aa84174', '0x00000000000000000000000089b123439a9fb0e03c028ff57d8bc0fc444a7008', '0x0000000000000000000000000000000000000000000000000000000000000000']",0x000000000000000000000000c4aff49fced8ac1d818a6dcab063f9f97e66ec5e00000000000000000000000000000000000000000000000000000000bd13bb6e
58278449,2024-06-17 17:25:36,0x92f35aa722cde38bd2852677ff45363cc28c579e90197e8a285be7b18c6a07ae,48,251,"['0x804c9b842b2748a22bb64b345453a3de7ca54a6ca45ce00d415894979e22897a', '0x0000000000000000000000002791bca1f2de4661ed88a30c99a7a9449aa84174']",0x0000000000000000000000000000000000000000002f938b2f0bc9cf54bdd72d0000000000000000000000000000000000000000005ec605a3455a6a2d856bfc0000000000000000000000000000000000000000004bac51c839f62bf66c6fae0000000000000000000000000000000000000000038bfc0f5eab1f257f0e24ef000000000000000000000000000000000000000003b17b1dff573fa49ffe2467
58278449,2024-06-17 17:25:36,0x92f35aa722cde38bd2852677ff45363cc28c579e90197e8a285be7b18c6a07ae,48,256,"['0x3115d1449a7b732c986cba18244e897a450f61e1bb8d589cd2e69e6c8924f9f7', '0x0000000000000000000000002791bca1f2de4661ed88a30c99a7a9449aa84174', '0x00000000000000000000000089b123439a9fb0e03c028ff57d8bc0fc444a7008', '0x00000000000000000000000089b123439a9fb0e03c028ff57d8bc0fc444a7008']",0x00000000000000000000000000000000000000000000000000000000f90c19fd
58278683,2024-06-17 17:33:52,0xdfce648edfd69cbd7e6bdc0cfa8e88f5b443a7baf7cbf2caa54bb8d3af50d506,34,164,"['0x804c9b842b2748a22bb64b345453a3de7ca54a6ca45ce00d415894979e22897a', '0x0000000000000000000000002791bca1f2de4661ed88a30c99a7a9449aa84174']",0x0000000000000000000000000000000000000000002f940d3c6596e880e3801a0000000000000000000000000000000000000000005ec60ad600503f3578c3250000000000000000000000000000000000000000004bacb9bed52ad0956f3ee70000000000000000000000000000000000000000038bfc4533247b6108588d3b000000000000000000000000000000000000000003b17b772736f840b8e23658
58278683,2024-06-17 17:33:52,0xdfce648edfd69cbd7e6bdc0cfa8e88f5b443a7baf7cbf2caa54bb8d3af50d506,34,166,"['0xb3d084820fb1a9decffb176436bd02558d15fac9b0ddfed8c465bc7359d7dce0', '0x0000000000000000000000002791bca1f2de4661ed88a30c99a7a9449aa84174', '0x000000000000000000000000ca002d13e09ad15729f74f05cfa7f73bd88faa1e', '0x0000000000000000000000000000000000000000000000000000000000000000']",0x000000000000000000000000ca002d13e09ad15729f74f05cfa7f73bd88faa1e0000000000000000000000000000000000000000000000000000000023c3460000000000000000000000000000000000000000000000000000000000000000020000000000000000000000000000000000000000004bacb9bed52ad0956f3ee7
58278703,2024-06-17 17:34:34,0xa333ab5688b9129170105c9df4344a329352b48e842beb8cc9387e54e8c8590d,0,6,"['0x804c9b842b2748a22bb64b345453a3de7ca54a6ca45ce00d415894979e22897a', '0x0000000000000000000000002791bca1f2de4661ed88a30c99a7a9449aa84174']",0x0000000000000000000000000000000000000000002f9294df47a725b77b840f0000000000000000000000000000000000000000005ec5fbc9560898c61716b60000000000000000000000000000000000000000004bab8cc18791cfe1cdc63e0000000000000000000000000000000000000000038bfc49c21653cf8ba4b612000000000000000000000000000000000000000003b17b7eb3ec69ea01018adf
58278703,2024-06-17 17:34:34,0xa333ab5688b9129170105c9df4344a329352b48e842beb8cc9387e54e8c8590d,0,9,"['0xa534c8dbe71f871f9f3530e97a74601fea17b426cae02e1c5aee42c96c784051', '0x0000000000000000000000002791bca1f2de4661ed88a30c99a7a9449aa84174', '0x000000000000000000000000c6076f8d619f4386e04c97ba49242fe8068c3eb8', '0x000000000000000000000000c6076f8d619f4386e04c97ba49242fe8068c3eb8']",0x0000000000000000000000000000000000000000000000000000000068c953410000000000000000000000000000000000000000000000000000000000000000
58278800,2024-06-17 17:38:05,0x53599a17796a6e49238ea568ab7b0619d02991acad82ab36c613d893a04e3445,76,287,"['0x804c9b842b2748a22bb64b345453a3de7ca54a6ca45ce00d415894979e22897a', '0x0000000000000000000000002791bca1f2de4661ed88a30c99a7a9449aa84174']",0x0000000000000000000000000000000000000000002f8dd4980ab84a09303d5a0000000000000000000000000000000000000000005ec5c9f33832160e178e480000000000000000000000000000000000000000004ba7a80732cf9981d71db40000000000000000000000000000000000000000038bfc60a7e352e4a6612ab8000000000000000000000000000000000000000003b17ba4a0e602bbeb443d99
58278800,2024-06-17 17:38:05,0x53599a17796a6e49238ea568ab7b0619d02991acad82ab36c613d893a04e3445,76,292,"['0x2b627736bca15cd5381dcf80b0bf11fd197d01a037c52b927a881a10fb73ba61', '0x0000000000000000000000002791bca1f2de4661ed88a30c99a7a9449aa84174', '0x000000000000000000000000ae19a98e719e34146b97c39b91c093e64f2aec1d', '0x0000000000000000000000000000000000000000000000000000000000000000']",0x000000000000000000000000c4aff49fced8ac1d818a6dcab063f9f97e66ec5e00000000000000000000000000000000000000000000000000000001a5a03b27
58278872,2024-06-17 17:40:37,0xd5ee7b838eb6de7d479f804e20238bf8ed04191e39ff4b08231dad888cf7abef,49,240,"['0x804c9b842b2748a22bb64b345453a3de7ca54a6ca45ce00d415894979e22897a', '0x0000000000000000000000002791bca1f2de4661ed88a30c99a7a9449aa84174']",0x0000000000000000000000000000000000000000002f8f2d12181903f586521a0000000000000000000000000000000000000000005ec5d810775628f5ebb6350000000000000000000000000000000000000000004ba8c25021a1139e6a3c310000000000000000000000000000000000000000038bfc7124f616b8738249fd000000000000000000000000000000000000000003b17bbff1a3b88354e5e74a
58278872,2024-06-17 17:40:37,0xd5ee7b838eb6de7d479f804e20238bf8ed04191e39ff4b08231dad888cf7abef,49,244,"['0x3115d1449a7b732c986cba18244e897a450f61e1bb8d589cd2e69e6c8924f9f7', '0x0000000000000000000000002791bca1f2de4661ed88a30c99a7a9449aa84174', '0x0000000000000000000000001397785759308885c27069262e26308a2a43a5b2', '0x0000000000000000000000001397785759308885c27069262e26308a2a43a5b2']",0x0000000000000000000000000000000000000000000000000000000077359400
58278983,2024-06-17 17:44:33,0x506e237c14dc733ad8a35c459443ccca274e64e84d45ef92cf472daa3250e54c,159,378,"['0x804c9b842b2748a22bb64b345453a3de7ca54a6ca45ce00d415894979e22897a', '0x0000000000000000000000002791bca1f2de4661ed88a30c99a7a9449aa84174']",0x0000000000000000000000000000000000000000002f8f612d10f62afb19409d0000000000000000000000000000000000000000005ec5da32995dcb70ff2e7b0000000000000000000000000000000000000000004ba8ecfaca39c53befa1920000000000000000000000000000000000000000038bfc8abf758efff2179576000000000000000000000000000000000000000003b17bea5b6a1409ac9750ea
58278983,2024-06-17 17:44:33,0x506e237c14dc733ad8a35c459443ccca274e64e84d45ef92cf472daa3250e54c,159,382,"['0x3115d1449a7b732c986cba18244e897a450f61e1bb8d589cd2e69e6c8924f9f7', '0x0000000000000000000000002791bca1f2de4661ed88a30c99a7a9449aa84174', '0x0000000000000000000000004201e68e165615cabc62209f30e2545b32f8e01a', '0x0000000000000000000000004201e68e165615cabc62209f30e2545b32f8e01a']",0x0000000000000000000000000000000000000000000000000000000011cc6463
58279009,2024-06-17 17:45:29,0xb33342e209b23ecb702a597179b86945f2d4a5bca7ea58c7b2ca2592e8f73d5b,126,503,"['0x804c9b842b2748a22bb64b345453a3de7ca54a6ca45ce00d415894979e22897a', '0x0000000000000000000000002791bca1f2de4661ed88a30c99a7a9449aa84174']",0x0000000000000000000000000000000000000000002f8ef8d428d72bfc319b420000000000000000000000000000000000000000005ec5d606358990954199e00000000000000000000000000000000000000000004ba89982fda52c1120056d0000000000000000000000000000000000000000038bfc90d2ca5ca89c12a4a3000000000000000000000000000000000000000003b17bf46bdbd8c20eadbb5c
58279009,2024-06-17 17:45:29,0xb33342e209b23ecb702a597179b86945f2d4a5bca7ea58c7b2ca2592e8f73d5b,126,506,"['0xa534c8dbe71f871f9f3530e97a74601fea17b426cae02e1c5aee42c96c784051', '0x0000000000000000000000002791bca1f2de4661ed88a30c99a7a9449aa84174', '0x000000000000000000000000c6076f8d619f4386e04c97ba49242fe8068c3eb8', '0x000000000000000000000000c6076f8d619f4386e04c97ba49242fe8068c3eb8']",0x000000000000000000000000000000000000000000000000000000001d1998a20000000000000000000000000000000000000000000000000000000000000000
58279100,2024-06-17 17:48:41,0x8d8bdbb174f423b0a01d7bcc778903ce02a086d3bc67c0296aa40795bd2faa74,2,11,"['0x804c9b842b2748a22bb64b345453a3de7ca54a6ca45ce00d415894979e22897a', '0x0000000000000000000000002791bca1f2de4661ed88a30c99a7a9449aa84174']",0x0000000000000000000000000000000000000000002f8ea36d10141dc191687e0000000000000000000000000000000000000000005ec5d2860158f0bada27c30000000000000000000000000000000000000000004ba8537ee9d8af010b1b320000000000000000000000000000000000000000038bfca5a72d449c868154f3000000000000000000000000000000000000000003b17c16ed3ca7ffa27e773f
58279100,2024-06-17 17:48:41,0x8d8bdbb174f423b0a01d7bcc778903ce02a086d3bc67c0296aa40795bd2faa74,2,16,"['0x2b627736bca15cd5381dcf80b0bf11fd197d01a037c52b927a881a10fb73ba61', '0x0000000000000000000000002791bca1f2de4661ed88a30c99a7a9449aa84174', '0x000000000000000000000000aec757bf73cc1f4609a1459205835dd40b4e3f29', '0x0000000000000000000000000000000000000000000000000000000000000000']",0x000000000000000000000000d3cdf94a0ee626071df1d2c7068b48550319c49b000000000000000000000000000000000000000000000000000000001dcd6468
58279135,2024-06-17 17:49:55,0x238c0f0a48213ad126de308302d4ad57bffb31f7bd103339eb1cab0fc1249b35,93,1160,"['0x804c9b842b2748a22bb64b345453a3de7ca54a6ca45ce00d415894979e22897a', '0x0000000000000000000000002791bca1f2de4661ed88a30c99a7a9449aa84174']",0x0000000000000000000000000000000000000000002f8ea3d1cd56c0f2a9eb1a0000000000000000000000000000000000000000005ec5d289ffa4b7fe9fd34e0000000000000000000000000000000000000000004ba853cec7c4404c7c82200000000000000000000000000000000000000000038bfcadae4fd290cb382ea0000000000000000000000000000000000000000003b17c2439b8a9fc7bd42efa
58279135,2024-06-17 17:49:55,0x238c0f0a48213ad126de308302d4ad57bffb31f7bd103339eb1cab0fc1249b35,93,1165,"['0x3115d1449a7b732c986cba18244e897a450f61e1bb8d589cd2e69e6c8924f9f7', '0x0000000000000000000000002791bca1f2de4661ed88a30c99a7a9449aa84174', '0x000000000000000000000000e3090207a2de94a856ea10a7e1bd36dd6145712b', '0x000000000000000000000000e3090207a2de94a856ea10a7e1bd36dd6145712b']",0x00000000000000000000000000000000000000000000000000000000000e5440
58279135,2024-06-17 17:49:55,0x238c0f0a48213ad126de308302d4ad57bffb31f7bd103339eb1cab0fc1249b35,93,1184,"['0x804c9b842b2748a22bb64b345453a3de7ca54a6ca45ce00d415894979e22897a', '0x0000000000000000000000002791bca1f2de4661ed88a30c99a7a9449aa84174']",0x0000000000000000000000000000000000000000002f8ea3d198a985822ea03a0000000000000000000000000000000000000000005ec5d289fd7c261342db220000000000000000000000000000000000000000004ba853ce9c98d9e9391ea20000000000000000000000000000000000000000038bfcadae4fd290cb382ea0000000000000000000000000000000000000000003b17c2439b8a9fc7bd42efa
58279135,2024-06-17 17:49:55,0x238c0f0a48213ad126de308302d4ad57bffb31f7bd103339eb1cab0fc1249b35,93,1189,"['0x2b627736bca15cd5381dcf80b0bf11fd197d01a037c52b927a881a10fb73ba61', '0x0000000000000000000000002791bca1f2de4661ed88a30c99a7a9449aa84174', '0x0000000000000000000000001397785759308885c27069262e26308a2a43a5b2', '0x0000000000000000000000000000000000000000000000000000000000000000']",0x000000000000000000000000e3090207a2de94a856ea10a7e1bd36dd6145712b0000000000000000000000000000000000000000000000000000000000001241
58279150,2024-06-17 17:50:27,0xdd1cb486253f09e00dbebe5e8a8d02b58232a42c5924ec04cfe8471183f25cd2,55,163,"['0x804c9b842b2748a22bb64b345453a3de7ca54a6ca45ce00d415894979e22897a', '0x0000000000000000000000002791bca1f2de4661ed88a30c99a7a9449aa84174']",0x0000000000000000000000000000000000000000002f8ea4305655171ddcfe170000000000000000000000000000000000000000005ec5d28dd0684fb8dfc6350000000000000000000000000000000000000000004ba8541b170c1ad97b7c240000000000000000000000000000000000000000038bfcb12704e0e07ec51814000000000000000000000000000000000000000003b17c29f9ee5edeb23b6b46
58279150,2024-06-17 17:50:27,0xdd1cb486253f09e00dbebe5e8a8d02b58232a42c5924ec04cfe8471183f25cd2,55,168,"['0x3115d1449a7b732c986cba18244e897a450f61e1bb8d589cd2e69e6c8924f9f7', '0x0000000000000000000000002791bca1f2de4661ed88a30c99a7a9449aa84174', '0x000000000000000000000000e3090207a2de94a856ea10a7e1bd36dd6145712b', '0x000000000000000000000000e3090207a2de94a856ea10a7e1bd36dd6145712b']",0x000000000000000000000000000000000000000000000000000000000017ee51
58279150,2024-06-17 17:50:27,0xdd1cb486253f09e00dbebe5e8a8d02b58232a42c5924ec04cfe8471183f25cd2,55,184,"['0x804c9b842b2748a22bb64b345453a3de7ca54a6ca45ce00d415894979e22897a', '0x0000000000000000000000002791bca1f2de4661ed88a30c99a7a9449aa84174']",0x0000000000000000000000000000000000000000002f8ea42ffe5c7da134d4c20000000000000000000000000000000000000000005ec5d28dcccd8243d14d410000000000000000000000000000000000000000004ba8541acef40db45a09170000000000000000000000000000000000000000038bfcb12704e0e07ec51814000000000000000000000000000000000000000003b17c29f9ee5edeb23b6b46
58279150,2024-06-17 17:50:27,0xdd1cb486253f09e00dbebe5e8a8d02b58232a42c5924ec04cfe8471183f25cd2,55,189,"['0x2b627736bca15cd5381dcf80b0bf11fd197d01a037c52b927a881a10fb73ba61', '0x0000000000000000000000002791bca1f2de4661ed88a30c99a7a9449aa84174', '0x0000000000000000000000001397785759308885c27069262e26308a2a43a5b2', '0x0000000000000000000000000000000000000000000000000000000000000000']",0x000000000000000000000000e3090207a2de94a856ea10a7e1bd36dd6145712b0000000000000000000000000000000000000000000000000000000000001e7c
58279168,2024-06-17 17:51:07,0xa611d35a8b21b1d74c50d85ed282023eced050b13d8774a9f2a675c00f23c45f,274,870,"['0x804c9b842b2748a22bb64b345453a3de7ca54a6ca45ce00d415894979e22897a', '0x0000000000000000000000002791bca1f2de4661ed88a30c99a7a9449aa84174']",0x0000000000000000000000000000000000000000002f9086a9d8568cb2c8dac00000000000000000000000000000000000000000005ec5e652a0788e245dc5390000000000000000000000000000000000000000004ba9df7b5850fb3f5368750000000000000000000000000000000000000000038bfcb57de73fa06f6d665c000000000000000000000000000000000000000003b17c312a3194ce7c27fa9a
58279168,2024-06-17 17:51:07,0xa611d35a8b21b1d74c50d85ed282023eced050b13d8774a9f2a675c00f23c45f,274,875,"['0x3115d1449a7b732c986cba18244e897a450f61e1bb8d589cd2e69e6c8924f9f7', '0x0000000000000000000000002791bca1f2de4661ed88a30c99a7a9449aa84174', '0x0000000000000000000000001397785759308885c27069262e26308a2a43a5b2', '0x0000000000000000000000001397785759308885c27069262e26308a2a43a5b2']",0x00000000000000000000000000000000000000000000000000000000a720b876
58279217,2024-06-17 17:52:51,0xf1420b42449e317f8593a03b39bdbf251b058c9d71454385ee6b70246fdd1139,63,303,"['0x804c9b842b2748a22bb64b345453a3de7ca54a6ca45ce00d415894979e22897a', '0x0000000000000000000000002791bca1f2de4661ed88a30c99a7a9449aa84174']",0x0000000000000000000000000000000000000000002f92333d3c6592f8ec7b5c0000000000000000000000000000000000000000005ec5f775f857837486e8550000000000000000000000000000000000000000004bab363e35bc25828a26a40000000000000000000000000000000000000000038bfcc0c6a653ad780e682e000000000000000000000000000000000000000003b17c43db4241e704096d33
58279217,2024-06-17 17:52:51,0xf1420b42449e317f8593a03b39bdbf251b058c9d71454385ee6b70246fdd1139,63,305,"['0xb3d084820fb1a9decffb176436bd02558d15fac9b0ddfed8c465bc7359d7dce0', '0x0000000000000000000000002791bca1f2de4661ed88a30c99a7a9449aa84174', '0x000000000000000000000000ca002d13e09ad15729f74f05cfa7f73bd88faa1e', '0x0000000000000000000000000000000000000000000000000000000000000000']",0x000000000000000000000000ca002d13e09ad15729f74f05cfa7f73bd88faa1e000000000000000000000000000000000000000000000000000000007735940000000000000000000000000000000000000000000000000000000000000000020000000000000000000000000000000000000000004bab363e35bc25828a26a4
58279256,2024-06-17 17:54:13,0x49e1737feec767b19b97fb4cb24bc1d4e8c79fc8dfd5e359f375e52490982726,19,70,"['0x804c9b842b2748a22bb64b345453a3de7ca54a6ca45ce00d415894979e22897a', '0x0000000000000000000000002791bca1f2de4661ed88a30c99a7a9449aa84174']",0x000000000000000000000000000000000000000000305ed542d3ba3b8c99449e0000000000000000000000000000000000000000005ece50c59613c5a37996890000000000000000000000000000000000000000004c5230768871512d7fc2bd0000000000000000000000000000000000000000038bfcc9aca0f452d62e06e5000000000000000000000000000000000000000003b17c52985c467729ca048c
58279256,2024-06-17 17:54:13,0x49e1737feec767b19b97fb4cb24bc1d4e8c79fc8dfd5e359f375e52490982726,19,75,"['0x3115d1449a7b732c986cba18244e897a450f61e1bb8d589cd2e69e6c8924f9f7', '0x0000000000000000000000002791bca1f2de4661ed88a30c99a7a9449aa84174', '0x0000000000000000000000008290fda77c43437ab141d02ebc05f95bdd96e182', '0x0000000000000000000000008290fda77c43437ab141d02ebc05f95bdd96e182']",0x00000000000000000000000000000000000000000000000000000045fc451ffc
58279256,2024-06-17 17:54:13,0x49e1737feec767b19b97fb4cb24bc1d4e8c79fc8dfd5e359f375e52490982726,19,89,"['0x804c9b842b2748a22bb64b345453a3de7ca54a6ca45ce00d415894979e22897a', '0x0000000000000000000000002791bca1f2de4661ed88a30c99a7a9449aa84174']",0x0000000000000000000000000000000000000000002f922f1d94108ff6f767020000000000000000000000000000000000000000005ec5f74a92216a4c8447960000000000000000000000000000000000000000004bab32da39822e625597a50000000000000000000000000000000000000000038bfcc9aca0f452d62e06e5000000000000000000000000000000000000000003b17c52985c467729ca048c
58279256,2024-06-17 17:54:13,0x49e1737feec767b19b97fb4cb24bc1d4e8c79fc8dfd5e359f375e52490982726,19,95,"['0x2b627736bca15cd5381dcf80b0bf11fd197d01a037c52b927a881a10fb73ba61', '0x0000000000000000000000002791bca1f2de4661ed88a30c99a7a9449aa84174', '0x0000000000000000000000008290fda77c43437ab141d02ebc05f95bdd96e182', '0x0000000000000000000000000000000000000000000000000000000000000000']",0x0000000000000000000000008290fda77c43437ab141d02ebc05f95bdd96e18200000000000000000000000000000000000000000000000000000045fdc997bc
58279335,2024-06-17 17:57:01,0x21305081448aca71dd6dab439bb14d58854bbbeabdb269f099e3963b637486dc,82,322,"['0x804c9b842b2748a22bb64b345453a3de7ca54a6ca45ce00d415894979e22897a', '0x0000000000000000000000002791bca1f2de4661ed88a30c99a7a9449aa84174']",0x0000000000000000000000000000000000000000002f922f516e51b610efde820000000000000000000000000000000000000000005ec5f74c7895196949b9150000000000000000000000000000000000000000004bab33003a8bdca1c275a00000000000000000000000000000000000000000038bfcdbe7b3c3e55a708605000000000000000000000000000000000000000003b17c70ca9d6eb0ef723177
58279335,2024-06-17 17:57:01,0x21305081448aca71dd6dab439bb14d58854bbbeabdb269f099e3963b637486dc,82,325,"['0xa534c8dbe71f871f9f3530e97a74601fea17b426cae02e1c5aee42c96c784051', '0x0000000000000000000000002791bca1f2de4661ed88a30c99a7a9449aa84174', '0x000000000000000000000000c085ea4e06a4669f7a3fa25bdcb9b6f2a3deca5d', '0x000000000000000000000000c085ea4e06a4669f7a3fa25bdcb9b6f2a3deca5d']",0x00000000000000000000000000000000000000000000000000000000001716e20000000000000000000000000000000000000000000000000000000000000000
58279353,2024-06-17 17:57:39,0x11a35960431bec33db91db4a67c2e6ed614a6c8497e241f5b5bffb71831f9199,48,231,"['0x804c9b842b2748a22bb64b345453a3de7ca54a6ca45ce00d415894979e22897a', '0x0000000000000000000000002791bca1f2de4661ed88a30c99a7a9449aa84174']",0x0000000000000000000000000000000000000000002f922f3b4502dafadf12d90000000000000000000000000000000000000000005ec5f74b8baf656ffc1c8f0000000000000000000000000000000000000000004bab32edb899cd27b23b1a0000000000000000000000000000000000000000038bfce00759a4eb0314e794000000000000000000000000000000000000000003b17c779f20208137309623
58279353,2024-06-17 17:57:39,0x11a35960431bec33db91db4a67c2e6ed614a6c8497e241f5b5bffb71831f9199,48,234,"['0xa534c8dbe71f871f9f3530e97a74601fea17b426cae02e1c5aee42c96c784051', '0x0000000000000000000000002791bca1f2de4661ed88a30c99a7a9449aa84174', '0x000000000000000000000000c085ea4e06a4669f7a3fa25bdcb9b6f2a3deca5d', '0x000000000000000000000000c085ea4e06a4669f7a3fa25bdcb9b6f2a3deca5d']",0x00000000000000000000000000000000000000000000000000000000000ea7f00000000000000000000000000000000000000000000000000000000000000000
58279581,2024-06-17 18:05:43,0xec466ee1f71222a545cd41cce5a71595d4530a81bdde82a63bd67a922bbd79e8,15,52,"['0x804c9b842b2748a22bb64b345453a3de7ca54a6ca45ce00d415894979e22897a', '0x0000000000000000000000002791bca1f2de4661ed88a30c99a7a9449aa84174']",0x0000000000000000000000000000000000000000002f9289ce971cefd176dc720000000000000000000000000000000000000000005ec5fb00a376c6bea846d70000000000000000000000000000000000000000004bab7d13942d674d2588d20000000000000000000000000000000000000000038bfd148cf8e0a31bb5644c000000000000000000000000000000000000000003b17cce9da4ff1c60dff81e
58279581,2024-06-17 18:05:43,0xec466ee1f71222a545cd41cce5a71595d4530a81bdde82a63bd67a922bbd79e8,15,56,"['0x3115d1449a7b732c986cba18244e897a450f61e1bb8d589cd2e69e6c8924f9f7', '0x0000000000000000000000002791bca1f2de4661ed88a30c99a7a9449aa84174', '0x000000000000000000000000db92b89ca415c0dab40dc96e99fc411c08f20780', '0x000000000000000000000000db92b89ca415c0dab40dc96e99fc411c08f20780']",0x000000000000000000000000000000000000000000000000000000001ed953b0
58279620,2024-06-17 18:07:07,0x5409888d2fd3b08420f2a63b5b5d4506399251ba81d3c1a80cb445c46f37cb04,19,100,"['0x804c9b842b2748a22bb64b345453a3de7ca54a6ca45ce00d415894979e22897a', '0x0000000000000000000000002791bca1f2de4661ed88a30c99a7a9449aa84174']",0x0000000000000000000000000000000000000000002f928a11ffb8a1143d85d90000000000000000000000000000000000000000005ec5fb033f548b5de137950000000000000000000000000000000000000000004bab7d47c180c3bd9857a10000000000000000000000000000000000000000038bfd1daa94699dc46d3d83000000000000000000000000000000000000000003b17cddb6d63eb2751c114a
58279620,2024-06-17 18:07:07,0x5409888d2fd3b08420f2a63b5b5d4506399251ba81d3c1a80cb445c46f37cb04,19,104,"['0x3115d1449a7b732c986cba18244e897a450f61e1bb8d589cd2e69e6c8924f9f7', '0x0000000000000000000000002791bca1f2de4661ed88a30c99a7a9449aa84174', '0x000000000000000000000000db92b89ca415c0dab40dc96e99fc411c08f20780', '0x000000000000000000000000db92b89ca415c0dab40dc96e99fc411c08f20780']",0x00000000000000000000000000000000000000000000000000000000000000ca
58279761,2024-06-17 18:12:07,0x3b4b5bc6e446c755d8334feef868615893ac1cd81948bebc60f63cda88eb0397,94,446,"['0x804c9b842b2748a22bb64b345453a3de7ca54a6ca45ce00d415894979e22897a', '0x0000000000000000000000002791bca1f2de4661ed88a30c99a7a9449aa84174']",0x0000000000000000000000000000000000000000002f8dc24ee19079f9bf34ee0000000000000000000000000000000000000000005ec5c8de7a60b3fbace0a90000000000000000000000000000000000000000004ba792685e73f011818d3f0000000000000000000000000000000000000000038bfd3e38e4f9337906c3e6000000000000000000000000000000000000000003b17d13a31a87f9e3e0224f
58279761,2024-06-17 18:12:07,0x3b4b5bc6e446c755d8334feef868615893ac1cd81948bebc60f63cda88eb0397,94,451,"['0x2b627736bca15cd5381dcf80b0bf11fd197d01a037c52b927a881a10fb73ba61', '0x0000000000000000000000002791bca1f2de4661ed88a30c99a7a9449aa84174', '0x000000000000000000000000ae19a98e719e34146b97c39b91c093e64f2aec1d', '0x0000000000000000000000000000000000000000000000000000000000000000']",0x000000000000000000000000c4aff49fced8ac1d818a6dcab063f9f97e66ec5e00000000000000000000000000000000000000000000000000000001a857c33b
58279765,2024-06-17 18:12:15,0x9d8cf8c4a670b6353b5ebccb0dfbca1448c31a971259c692007d3574893c7d0b,94,409,"['0x804c9b842b2748a22bb64b345453a3de7ca54a6ca45ce00d415894979e22897a', '0x0000000000000000000000002791bca1f2de4661ed88a30c99a7a9449aa84174']",0x0000000000000000000000000000000000000000002f8dc25544107a6307f4530000000000000000000000000000000000000000005ec5c8deb9a4364e184fe30000000000000000000000000000000000000000004ba7926d4fba1e81e63dc40000000000000000000000000000000000000000038bfd3f170e429ba593f44c000000000000000000000000000000000000000003b17d151324a4b7a5b9f84d
58279765,2024-06-17 18:12:15,0x9d8cf8c4a670b6353b5ebccb0dfbca1448c31a971259c692007d3574893c7d0b,94,412,"['0xa534c8dbe71f871f9f3530e97a74601fea17b426cae02e1c5aee42c96c784051', '0x0000000000000000000000002791bca1f2de4661ed88a30c99a7a9449aa84174', '0x000000000000000000000000c085ea4e06a4669f7a3fa25bdcb9b6f2a3deca5d', '0x000000000000000000000000c085ea4e06a4669f7a3fa25bdcb9b6f2a3deca5d']",0x00000000000000000000000000000000000000000000000000000000000002910000000000000000000000000000000000000000000000000000000000000000
58279822,2024-06-17 18:14:26,0x22f62cb32497b2d9f9446cd61664c36c4345888426ddea5ff8349951a0840455,249,519,"['0x804c9b842b2748a22bb64b345453a3de7ca54a6ca45ce00d415894979e22897a', '0x0000000000000000000000002791bca1f2de4661ed88a30c99a7a9449aa84174']",0x0000000000000000000000000000000000000000002f8b112bcd59d18c9b8fe60000000000000000000000000000000000000000005ec5aca0a80f12870f5fe90000000000000000000000000000000000000000004ba55d93f01352f5337e350000000000000000000000000000000000000000038bfd4d4cf25a08083327eb000000000000000000000000000000000000000003b17d2c9dca8c80dad67793
58279822,2024-06-17 18:14:26,0x22f62cb32497b2d9f9446cd61664c36c4345888426ddea5ff8349951a0840455,249,525,"['0x2b627736bca15cd5381dcf80b0bf11fd197d01a037c52b927a881a10fb73ba61', '0x0000000000000000000000002791bca1f2de4661ed88a30c99a7a9449aa84174', '0x0000000000000000000000002235a9a9839fc675522ccfc55b25b31ba6af6a42', '0x0000000000000000000000000000000000000000000000000000000000000000']",0x000000000000000000000000c4aff49fced8ac1d818a6dcab063f9f97e66ec5e00000000000000000000000000000000000000000000000000000000ef0a3787
58279855,2024-06-17 18:15:36,0x76ec60058f72c249f1c210a44008d809d6c573ec2f5be92cf36b670f8f8aba78,95,323,"['0x804c9b842b2748a22bb64b345453a3de7ca54a6ca45ce00d415894979e22897a', '0x0000000000000000000000002791bca1f2de4661ed88a30c99a7a9449aa84174']",0x0000000000000000000000000000000000000000002f88608be965308532d03b0000000000000000000000000000000000000000005ec5906789dccef25f84e30000000000000000000000000000000000000000004ba3291d94260b577661bd0000000000000000000000000000000000000000038bfd54e46db1f0b5b20434000000000000000000000000000000000000000003b17d3931c5853cef28184c
58279855,2024-06-17 18:15:36,0x76ec60058f72c249f1c210a44008d809d6c573ec2f5be92cf36b670f8f8aba78,95,328,"['0x2b627736bca15cd5381dcf80b0bf11fd197d01a037c52b927a881a10fb73ba61', '0x0000000000000000000000002791bca1f2de4661ed88a30c99a7a9449aa84174', '0x000000000000000000000000b344e1e991633768f67e0572d647aadcd25c72fe', '0x0000000000000000000000000000000000000000000000000000000000000000']",0x000000000000000000000000c4aff49fced8ac1d818a6dcab063f9f97e66ec5e00000000000000000000000000000000000000000000000000000000eede40dd
58279885,2024-06-17 18:16:40,0x30f82aba1bb4966b684f02548af1d4d0afe880d9a25ad2b06ebc6efc38cfce63,56,216,"['0x804c9b842b2748a22bb64b345453a3de7ca54a6ca45ce00d415894979e22897a', '0x0000000000000000000000002791bca1f2de4661ed88a30c99a7a9449aa84174']",0x0000000000000000000000000000000000000000002f85af8c4608f3653abc5e0000000000000000000000000000000000000000005ec57429b57a261a5fc2710000000000000000000000000000000000000000004ba0f448fc70da777b30c40000000000000000000000000000000000000000038bfd5bd4ef049c3270315c000000000000000000000000000000000000000003b17d44b16b42196933f268
58279885,2024-06-17 18:16:40,0x30f82aba1bb4966b684f02548af1d4d0afe880d9a25ad2b06ebc6efc38cfce63,56,221,"['0x2b627736bca15cd5381dcf80b0bf11fd197d01a037c52b927a881a10fb73ba61', '0x0000000000000000000000002791bca1f2de4661ed88a30c99a7a9449aa84174', '0x0000000000000000000000009c8663ea768bd88ac20c4a4520543facf58c903c', '0x0000000000000000000000000000000000000000000000000000000000000000']",0x000000000000000000000000c4aff49fced8ac1d818a6dcab063f9f97e66ec5e00000000000000000000000000000000000000000000000000000000ef127fb5
58279922,2024-06-17 18:18:00,0x0768e87a28678f47e65766b7b214f6ba0291510744a4181a5a092c0ff1ea6006,58,232,"['0x804c9b842b2748a22bb64b345453a3de7ca54a6ca45ce00d415894979e22897a', '0x0000000000000000000000002791bca1f2de4661ed88a30c99a7a9449aa84174']",0x0000000000000000000000000000000000000000002f82fef75f7b87fb31a06c0000000000000000000000000000000000000000005ec557ef6d52d67bef31820000000000000000000000000000000000000000004b9ebfbb595ea216afde240000000000000000000000000000000000000000038bfd64811300500dff1f78000000000000000000000000000000000000000003b17d53108f4afc102a4ec5
58279922,2024-06-17 18:18:00,0x0768e87a28678f47e65766b7b214f6ba0291510744a4181a5a092c0ff1ea6006,58,237,"['0x2b627736bca15cd5381dcf80b0bf11fd197d01a037c52b927a881a10fb73ba61', '0x0000000000000000000000002791bca1f2de4661ed88a30c99a7a9449aa84174', '0x00000000000000000000000020a64b11e27570dba30ff5580591c7fe92017d19', '0x0000000000000000000000000000000000000000000000000000000000000000']",0x000000000000000000000000c4aff49fced8ac1d818a6dcab063f9f97e66ec5e00000000000000000000000000000000000000000000000000000000ef06a520
58280090,2024-06-17 18:23:56,0x30d897a4254b6adcbf58befa7327b2604e5b0b40e938863b7c7461f6ca9a950b,70,229,"['0x804c9b842b2748a22bb64b345453a3de7ca54a6ca45ce00d415894979e22897a', '0x0000000000000000000000002791bca1f2de4661ed88a30c99a7a9449aa84174']",0x0000000000000000000000000000000000000000002f83119e8c6424dd7cec4e0000000000000000000000000000000000000000005ec558ae2246eb288ac23c0000000000000000000000000000000000000000004b9ecea17c703f92d72cbc0000000000000000000000000000000000000000038bfd8b16844e1cf4aa76a9000000000000000000000000000000000000000003b17d9302e1b184fef3f2cd
58280090,2024-06-17 18:23:56,0x30d897a4254b6adcbf58befa7327b2604e5b0b40e938863b7c7461f6ca9a950b,70,231,"['0xb3d084820fb1a9decffb176436bd02558d15fac9b0ddfed8c465bc7359d7dce0', '0x0000000000000000000000002791bca1f2de4661ed88a30c99a7a9449aa84174', '0x000000000000000000000000ca2969a854fe313c04dc0b7217e428443cefbdff', '0x0000000000000000000000000000000000000000000000000000000000000000']",0x000000000000000000000000ca2969a854fe313c04dc0b7217e428443cefbdff0000000000000000000000000000000000000000000000000000000004e3388000000000000000000000000000000000000000000000000000000000000000020000000000000000000000000000000000000000004b9ecea17c703f92d72cbc
58280098,2024-06-17 18:24:14,0xf142b99be17aa35ab6c8313f21ca83e815fbf343b22eea374086effaad7a9487,16,80,"['0x804c9b842b2748a22bb64b345453a3de7ca54a6ca45ce00d415894979e22897a', '0x0000000000000000000000002791bca1f2de4661ed88a30c99a7a9449aa84174']",0x000000000000000000000000000000000000000000304f53b6394f55e812018a0000000000000000000000000000000000000000005ecdaf68692592567337100000000000000000000000000000000000000000004c45952f05d54f29004d320000000000000000000000000000000000000000038bfd8d09f0fec1caa05da4000000000000000000000000000000000000000003b17d963e98f2dfd36e001c
58280098,2024-06-17 18:24:14,0xf142b99be17aa35ab6c8313f21ca83e815fbf343b22eea374086effaad7a9487,16,85,"['0x3115d1449a7b732c986cba18244e897a450f61e1bb8d589cd2e69e6c8924f9f7', '0x0000000000000000000000002791bca1f2de4661ed88a30c99a7a9449aa84174', '0x0000000000000000000000008290fda77c43437ab141d02ebc05f95bdd96e182', '0x0000000000000000000000008290fda77c43437ab141d02ebc05f95bdd96e182']",0x00000000000000000000000000000000000000000000000000000045fdd8a6f6
58280098,2024-06-17 18:24:14,0xf142b99be17aa35ab6c8313f21ca83e815fbf343b22eea374086effaad7a9487,16,103,"['0x804c9b842b2748a22bb64b345453a3de7ca54a6ca45ce00d415894979e22897a', '0x0000000000000000000000002791bca1f2de4661ed88a30c99a7a9449aa84174']",0x0000000000000000000000000000000000000000002f82a0a1b56d02e56a43180000000000000000000000000000000000000000005ec5540c4f56a041cad05b0000000000000000000000000000000000000000004b9e71fd01aa658bd8471a0000000000000000000000000000000000000000038bfd8d09f0fec1caa05da4000000000000000000000000000000000000000003b17d963e98f2dfd36e001c
58280098,2024-06-17 18:24:14,0xf142b99be17aa35ab6c8313f21ca83e815fbf343b22eea374086effaad7a9487,16,109,"['0x2b627736bca15cd5381dcf80b0bf11fd197d01a037c52b927a881a10fb73ba61', '0x0000000000000000000000002791bca1f2de4661ed88a30c99a7a9449aa84174', '0x0000000000000000000000008290fda77c43437ab141d02ebc05f95bdd96e182', '0x0000000000000000000000000000000000000000000000000000000000000000']",0x0000000000000000000000008290fda77c43437ab141d02ebc05f95bdd96e1820000000000000000000000000000000000000000000000000000004625148e73
58280107,2024-06-17 18:24:32,0xec0a12c98728beeb3a564d3bd6e18cdfb4f34e04e31ac9acef864937adc589f5,32,270,"['0x804c9b842b2748a22bb64b345453a3de7ca54a6ca45ce00d415894979e22897a', '0x0000000000000000000000002791bca1f2de4661ed88a30c99a7a9449aa84174']",0x0000000000000000000000000000000000000000002f82c4cf6dee454755dbde0000000000000000000000000000000000000000005ec55587f82e57f217edc80000000000000000000000000000000000000000004b9e8fa63284bf51de93ae0000000000000000000000000000000000000000038bfd8efd590ccc74ea5068000000000000000000000000000000000000000003b17d997a4c410650fafddf
58280107,2024-06-17 18:24:32,0xec0a12c98728beeb3a564d3bd6e18cdfb4f34e04e31ac9acef864937adc589f5,32,274,"['0x3115d1449a7b732c986cba18244e897a450f61e1bb8d589cd2e69e6c8924f9f7', '0x0000000000000000000000002791bca1f2de4661ed88a30c99a7a9449aa84174', '0x000000000000000000000000db92b89ca415c0dab40dc96e99fc411c08f20780', '0x000000000000000000000000db92b89ca415c0dab40dc96e99fc411c08f20780']",0x000000000000000000000000000000000000000000000000000000000c897da1
58280111,2024-06-17 18:24:40,0x6c76e2136611feb18783ebac3cb8433afc71865d6c41d1548d73ee5da1a27487,45,131,"['0x804c9b842b2748a22bb64b345453a3de7ca54a6ca45ce00d415894979e22897a', '0x0000000000000000000000002791bca1f2de4661ed88a30c99a7a9449aa84174']",0x0000000000000000000000000000000000000000002f82d46019e7a0eec12fef0000000000000000000000000000000000000000005ec5562b4f2ec612ffcb020000000000000000000000000000000000000000004b9e9c68fe8d59e3fbdc2a0000000000000000000000000000000000000000038bfd8fdb4f11de673ca8a1000000000000000000000000000000000000000003b17d9aea2abc120fafe94f
58280111,2024-06-17 18:24:40,0x6c76e2136611feb18783ebac3cb8433afc71865d6c41d1548d73ee5da1a27487,45,136,"['0x3115d1449a7b732c986cba18244e897a450f61e1bb8d589cd2e69e6c8924f9f7', '0x0000000000000000000000002791bca1f2de4661ed88a30c99a7a9449aa84174', '0x0000000000000000000000008dea70f2eb48d4dbd536f02db8eae3870320a35e', '0x0000000000000000000000008dea70f2eb48d4dbd536f02db8eae3870320a35e']",0x000000000000000000000000000000000000000000000000000000000564bb21
58280123,2024-06-17 18:25:06,0x175b5915a126c739485120416bd42f920294afb19ae236a76484c1dfc6ba5822,35,89,"['0x804c9b842b2748a22bb64b345453a3de7ca54a6ca45ce00d415894979e22897a', '0x0000000000000000000000002791bca1f2de4661ed88a30c99a7a9449aa84174']",0x0000000000000000000000000000000000000000002f7a915b98dfe94a52f9260000000000000000000000000000000000000000005ec4e69c4cb120b91f8e740000000000000000000000000000000000000000004b95e53cccbc6ede77211b0000000000000000000000000000000000000000038bfd92acaf8f5dbc22f60c000000000000000000000000000000000000000003b17d9f95be99962be6e646
58280214,2024-06-17 18:28:20,0xc2c609683f2e3434526b5ebf328c379f7958dc88512a2594843998077ef6ed18,17,94,"['0x804c9b842b2748a22bb64b345453a3de7ca54a6ca45ce00d415894979e22897a', '0x0000000000000000000000002791bca1f2de4661ed88a30c99a7a9449aa84174']",0x0000000000000000000000000000000000000000002f7a91f7914a44fa40ccf70000000000000000000000000000000000000000005ec4e6a2583cb675fdc8340000000000000000000000000000000000000000004b95e5b5b3a4219fd3a4200000000000000000000000000000000000000000038bfda7af9c86c6764bae59000000000000000000000000000000000000000003b17dc26a944e4aab7780e5
58280214,2024-06-17 18:28:20,0xc2c609683f2e3434526b5ebf328c379f7958dc88512a2594843998077ef6ed18,17,98,"['0x3115d1449a7b732c986cba18244e897a450f61e1bb8d589cd2e69e6c8924f9f7', '0x0000000000000000000000002791bca1f2de4661ed88a30c99a7a9449aa84174', '0x000000000000000000000000db92b89ca415c0dab40dc96e99fc411c08f20780', '0x000000000000000000000000db92b89ca415c0dab40dc96e99fc411c08f20780']",0x00000000000000000000000000000000000000000000000000000000000002f4
58280302,2024-06-17 18:31:26,0x2b3f9fc16648dfcf2e81e176233d76505525c21b3bbabc2a08251c7fc07d1549,24,114,"['0x804c9b842b2748a22bb64b345453a3de7ca54a6ca45ce00d415894979e22897a', '0x0000000000000000000000002791bca1f2de4661ed88a30c99a7a9449aa84174']",0x0000000000000000000000000000000000000000002f7a928d1ae753d921d1380000000000000000000000000000000000000000005ec4e6a823f46abe7029970000000000000000000000000000000000000000004b95e6299dfe3748c33fba0000000000000000000000000000000000000000038bfdbbd4ba81f39537614c000000000000000000000000000000000000000003b17de3cfb710f5ba273ce6
58280302,2024-06-17 18:31:26,0x2b3f9fc16648dfcf2e81e176233d76505525c21b3bbabc2a08251c7fc07d1549,24,118,"['0x3115d1449a7b732c986cba18244e897a450f61e1bb8d589cd2e69e6c8924f9f7', '0x0000000000000000000000002791bca1f2de4661ed88a30c99a7a9449aa84174', '0x000000000000000000000000db92b89ca415c0dab40dc96e99fc411c08f20780', '0x000000000000000000000000db92b89ca415c0dab40dc96e99fc411c08f20780']",0x00000000000000000000000000000000000000000000000000000000000002bd
58280382,2024-06-17 18:34:16,0x3bd57d000dab9d369523191c3d62d7d058855a76efd72021e7e4d7ba854fdd98,18,71,"['0x804c9b842b2748a22bb64b345453a3de7ca54a6ca45ce00d415894979e22897a', '0x0000000000000000000000002791bca1f2de4661ed88a30c99a7a9449aa84174']",0x0000000000000000000000000000000000000000002f7a9315c5ba386fb04b770000000000000000000000000000000000000000005ec4e6ad6ff816125601a80000000000000000000000000000000000000000004b95e6938e4799d6b821280000000000000000000000000000000000000000038bfdce3e39a43caa6cf21b000000000000000000000000000000000000000003b17e025572339c2f950fc6
58280382,2024-06-17 18:34:16,0x3bd57d000dab9d369523191c3d62d7d058855a76efd72021e7e4d7ba854fdd98,18,75,"['0x3115d1449a7b732c986cba18244e897a450f61e1bb8d589cd2e69e6c8924f9f7', '0x0000000000000000000000002791bca1f2de4661ed88a30c99a7a9449aa84174', '0x000000000000000000000000db92b89ca415c0dab40dc96e99fc411c08f20780', '0x000000000000000000000000db92b89ca415c0dab40dc96e99fc411c08f20780']",0x00000000000000000000000000000000000000000000000000000000000001e6
58280471,2024-06-17 18:37:26,0xafcc9a4db4600c2cbadc2c84e3264eb9aebcf3f9cfaa01a3c677d61430d6e78f,49,271,"['0x804c9b842b2748a22bb64b345453a3de7ca54a6ca45ce00d415894979e22897a', '0x0000000000000000000000002791bca1f2de4661ed88a30c99a7a9449aa84174']",0x0000000000000000000000000000000000000000002f7ae68cc09fa93d8f64be0000000000000000000000000000000000000000005ec4ea1925218f047b97d10000000000000000000000000000000000000000004b962afdb5850cc1a7dc580000000000000000000000000000000000000000038bfde2d240da06b6295e7e000000000000000000000000000000000000000003b17e247271e1d3e3afb646
58280471,2024-06-17 18:37:26,0xafcc9a4db4600c2cbadc2c84e3264eb9aebcf3f9cfaa01a3c677d61430d6e78f,49,276,"['0x3115d1449a7b732c986cba18244e897a450f61e1bb8d589cd2e69e6c8924f9f7', '0x0000000000000000000000002791bca1f2de4661ed88a30c99a7a9449aa84174', '0x000000000000000000000000c4aff49fced8ac1d818a6dcab063f9f97e66ec5e', '0x000000000000000000000000c4aff49fced8ac1d818a6dcab063f9f97e66ec5e']",0x000000000000000000000000000000000000000000000000000000000e627fc5
58280471,2024-06-17 18:37:26,0xafcc9a4db4600c2cbadc2c84e3264eb9aebcf3f9cfaa01a3c677d61430d6e78f,49,279,"['0x804c9b842b2748a22bb64b345453a3de7ca54a6ca45ce00d415894979e22897a', '0x0000000000000000000000002791bca1f2de4661ed88a30c99a7a9449aa84174']",0x0000000000000000000000000000000000000000002f7abd158ab68995c9f0bb0000000000000000000000000000000000000000005ec4e865ebbe650e02bbff0000000000000000000000000000000000000000004b9608fd39c5c58036afe10000000000000000000000000000000000000000038bfde3067d0e364bfb6ca0000000000000000000000000000000000000000003b17e247271e1d3e3afb646
58280582,2024-06-17 18:41:29,0x005dd51d8f69f0dae4a102aa1a802b98e33b30421a49c71f1e2d93386b224ae2,25,89,"['0x804c9b842b2748a22bb64b345453a3de7ca54a6ca45ce00d415894979e22897a', '0x0000000000000000000000002791bca1f2de4661ed88a30c99a7a9449aa84174']",0x0000000000000000000000000000000000000000002f74a47b5f135b9a8fd4fd0000000000000000000000000000000000000000005ec49612be99b5222f87970000000000000000000000000000000000000000004b8f9a7db2e80713b697c10000000000000000000000000000000000000000038bfdfd581cd01791cd04d3000000000000000000000000000000000000000003b17e50139341d3d8fe9ee2
58280620,2024-06-17 18:42:49,0x55cd8fab08e32203acd8793cd362a15a07083c1abd90e7fc5046673e7777fe61,57,256,"['0x804c9b842b2748a22bb64b345453a3de7ca54a6ca45ce00d415894979e22897a', '0x0000000000000000000000002791bca1f2de4661ed88a30c99a7a9449aa84174']",0x0000000000000000000000000000000000000000002f74a7a664addf075229d80000000000000000000000000000000000000000005ec49633db1b2f757d66b20000000000000000000000000000000000000000004b8f9d13ed059595cc05db0000000000000000000000000000000000000000038bfe0601261ca088ba8a81000000000000000000000000000000000000000003b17e5e6f6f487da1b60408
58280620,2024-06-17 18:42:49,0x55cd8fab08e32203acd8793cd362a15a07083c1abd90e7fc5046673e7777fe61,57,260,"['0x3115d1449a7b732c986cba18244e897a450f61e1bb8d589cd2e69e6c8924f9f7', '0x0000000000000000000000002791bca1f2de4661ed88a30c99a7a9449aa84174', '0x000000000000000000000000f3c925a073be74564946d31b3c17a010641d95da', '0x000000000000000000000000f3c925a073be74564946d31b3c17a010641d95da']",0x0000000000000000000000000000000000000000000000000000000001036640
58280831,2024-06-17 18:50:17,0xf7c2a0e68c195c2e827ce56e9fdc60dea8ccc1a21157b2dda798aab240e77271,36,120,"['0x804c9b842b2748a22bb64b345453a3de7ca54a6ca45ce00d415894979e22897a', '0x0000000000000000000000002791bca1f2de4661ed88a30c99a7a9449aa84174']",0x0000000000000000000000000000000000000000002f70d4d1e16e499fe3ba3b0000000000000000000000000000000000000000005ec46f03cc157a01261fe40000000000000000000000000000000000000000004b8c8d52c093687efa7dd70000000000000000000000000000000000000000038bfe3680911611ec1fa1f3000000000000000000000000000000000000000003b17eaed8463626485f21c7
58280831,2024-06-17 18:50:17,0xf7c2a0e68c195c2e827ce56e9fdc60dea8ccc1a21157b2dda798aab240e77271,36,123,"['0xa534c8dbe71f871f9f3530e97a74601fea17b426cae02e1c5aee42c96c784051', '0x0000000000000000000000002791bca1f2de4661ed88a30c99a7a9449aa84174', '0x0000000000000000000000008706b0771cb22e28e4142d0adeff53609a03ead8', '0x000000000000000000000000213c9062d6d00a06812b1de290c1a4a6cde17380']",0x000000000000000000000000000000000000000000000000000000011157b0fd0000000000000000000000000000000000000000000000000000000000000000
58280917,2024-06-17 18:53:21,0x0a9e77cdb9c9fd1adaa72cbc6f45da0f47c03e17b2026172089f64930e507dde,36,114,"['0x804c9b842b2748a22bb64b345453a3de7ca54a6ca45ce00d415894979e22897a', '0x0000000000000000000000002791bca1f2de4661ed88a30c99a7a9449aa84174']",0x0000000000000000000000000000000000000000002f70d9ac3502af01446f4e0000000000000000000000000000000000000000005ec46f35599b9c9e37da070000000000000000000000000000000000000000004b8c9131cf0e1cc45d088e0000000000000000000000000000000000000000038bfe4a6a27cf5964390500000000000000000000000000000000000000000003b17ecfdd6e7bb33a770bc2
58280917,2024-06-17 18:53:21,0x0a9e77cdb9c9fd1adaa72cbc6f45da0f47c03e17b2026172089f64930e507dde,36,116,"['0xb3d084820fb1a9decffb176436bd02558d15fac9b0ddfed8c465bc7359d7dce0', '0x0000000000000000000000002791bca1f2de4661ed88a30c99a7a9449aa84174', '0x000000000000000000000000ca002d13e09ad15729f74f05cfa7f73bd88faa1e', '0x0000000000000000000000000000000000000000000000000000000000000000']",0x000000000000000000000000ca002d13e09ad15729f74f05cfa7f73bd88faa1e0000000000000000000000000000000000000000000000000000000001312d0000000000000000000000000000000000000000000000000000000000000000020000000000000000000000000000000000000000004b8c9131cf0e1cc45d088e
58280942,2024-06-17 18:54:13,0x7584e7c99a0e63ae72cf1dd68162813445b72c0d768f56a4288151551b315d78,14,51,"['0x804c9b842b2748a22bb64b345453a3de7ca54a6ca45ce00d415894979e22897a', '0x0000000000000000000000002791bca1f2de4661ed88a30c99a7a9449aa84174']",0x000000000000000000000000000000000000000000303d4ad088035eb1c7d0190000000000000000000000000000000000000000005eccc8a19bcb86222dd9020000000000000000000000000000000000000000004c338da6facc5b1394f4290000000000000000000000000000000000000000038bfe500ac7f973991da754000000000000000000000000000000000000000003b17ed9325eb9b5aafb6124
58280942,2024-06-17 18:54:13,0x7584e7c99a0e63ae72cf1dd68162813445b72c0d768f56a4288151551b315d78,14,56,"['0x3115d1449a7b732c986cba18244e897a450f61e1bb8d589cd2e69e6c8924f9f7', '0x0000000000000000000000002791bca1f2de4661ed88a30c99a7a9449aa84174', '0x0000000000000000000000008290fda77c43437ab141d02ebc05f95bdd96e182', '0x0000000000000000000000008290fda77c43437ab141d02ebc05f95bdd96e182']",0x0000000000000000000000000000000000000000000000000000004625239efa
58280942,2024-06-17 18:54:13,0x7584e7c99a0e63ae72cf1dd68162813445b72c0d768f56a4288151551b315d78,14,70,"['0x804c9b842b2748a22bb64b345453a3de7ca54a6ca45ce00d415894979e22897a', '0x0000000000000000000000002791bca1f2de4661ed88a30c99a7a9449aa84174']",0x0000000000000000000000000000000000000000002f7077e1d12ee919606fcc0000000000000000000000000000000000000000005ec46b32935cd7198b781a0000000000000000000000000000000000000000004b8c40fa5226ae66e562060000000000000000000000000000000000000000038bfe500ac7f973991da754000000000000000000000000000000000000000003b17ed9325eb9b5aafb6124
58280942,2024-06-17 18:54:13,0x7584e7c99a0e63ae72cf1dd68162813445b72c0d768f56a4288151551b315d78,14,76,"['0x2b627736bca15cd5381dcf80b0bf11fd197d01a037c52b927a881a10fb73ba61', '0x0000000000000000000000002791bca1f2de4661ed88a30c99a7a9449aa84174', '0x0000000000000000000000008290fda77c43437ab141d02ebc05f95bdd96e182', '0x0000000000000000000000000000000000000000000000000000000000000000']",0x0000000000000000000000008290fda77c43437ab141d02ebc05f95bdd96e18200000000000000000000000000000000000000000000000000000046472e41f2
58281104,2024-06-17 18:59:59,0xef9b38ad0ee9f8028732688f2568bb3487e6ce4f3361dfa292ef736e016702e3,9,50,"['0x804c9b842b2748a22bb64b345453a3de7ca54a6ca45ce00d415894979e22897a', '0x0000000000000000000000002791bca1f2de4661ed88a30c99a7a9449aa84174']",0x0000000000000000000000000000000000000000002f774f1a303ccae4082eef0000000000000000000000000000000000000000005ec4b14cd15fb1ec26c32d0000000000000000000000000000000000000000004b91bb072a5fc6db073f8f0000000000000000000000000000000000000000038bfe757c2e93fbb158caf3000000000000000000000000000000000000000003b17f1749c0236f1578d333
58281104,2024-06-17 18:59:59,0xef9b38ad0ee9f8028732688f2568bb3487e6ce4f3361dfa292ef736e016702e3,9,52,"['0xb3d084820fb1a9decffb176436bd02558d15fac9b0ddfed8c465bc7359d7dce0', '0x0000000000000000000000002791bca1f2de4661ed88a30c99a7a9449aa84174', '0x0000000000000000000000008706b0771cb22e28e4142d0adeff53609a03ead8', '0x0000000000000000000000000000000000000000000000000000000000000000']",0x000000000000000000000000213c9062d6d00a06812b1de290c1a4a6cde1738000000000000000000000000000000000000000000000000000000001e803ae3600000000000000000000000000000000000000000000000000000000000000020000000000000000000000000000000000000000004b91bb072a5fc6db073f8f
58281108,2024-06-17 19:00:07,0xadf9e2255cb63bbfc173a4c0c52040d64a336ac4cb7d6cd970f7934aa60f8e72,45,198,"['0x804c9b842b2748a22bb64b345453a3de7ca54a6ca45ce00d415894979e22897a', '0x0000000000000000000000002791bca1f2de4661ed88a30c99a7a9449aa84174']",0x0000000000000000000000000000000000000000002f72b6050337ba9ad58ec60000000000000000000000000000000000000000005ec4822e98dd19d4082c1c0000000000000000000000000000000000000000004b8e0caac02be4f8a3722e0000000000000000000000000000000000000000038bfe7659ef47a640573ab2000000000000000000000000000000000000000003b17f18b960c816609ad26f
58281108,2024-06-17 19:00:07,0xadf9e2255cb63bbfc173a4c0c52040d64a336ac4cb7d6cd970f7934aa60f8e72,45,201,"['0xa534c8dbe71f871f9f3530e97a74601fea17b426cae02e1c5aee42c96c784051', '0x0000000000000000000000002791bca1f2de4661ed88a30c99a7a9449aa84174', '0x0000000000000000000000008706b0771cb22e28e4142d0adeff53609a03ead8', '0x000000000000000000000000213c9062d6d00a06812b1de290c1a4a6cde17380']",0x000000000000000000000000000000000000000000000000000000014836b3010000000000000000000000000000000000000000000000000000000000000000
58281122,2024-06-17 19:00:37,0x5615eb8cca17b56826ec3feeacbf9948def90472932e20153b3487e48c41584b,77,359,"['0x804c9b842b2748a22bb64b345453a3de7ca54a6ca45ce00d415894979e22897a', '0x0000000000000000000000002791bca1f2de4661ed88a30c99a7a9449aa84174']",0x0000000000000000000000000000000000000000002f72bb751d13beb2bb5dde0000000000000000000000000000000000000000005ec482664c251178fa91c50000000000000000000000000000000000000000004b8e1104c1cb3ddb9363650000000000000000000000000000000000000000038bfe7999315c817ca23cc3000000000000000000000000000000000000000003b17f1e1bb80f1a57a901f2
58281122,2024-06-17 19:00:37,0x5615eb8cca17b56826ec3feeacbf9948def90472932e20153b3487e48c41584b,77,361,"['0xb3d084820fb1a9decffb176436bd02558d15fac9b0ddfed8c465bc7359d7dce0', '0x0000000000000000000000002791bca1f2de4661ed88a30c99a7a9449aa84174', '0x000000000000000000000000d84c60bc081bdddb5e93c53ac495bf3df996a356', '0x0000000000000000000000000000000000000000000000000000000000000000']",0x000000000000000000000000d84c60bc081bdddb5e93c53ac495bf3df996a35600000000000000000000000000000000000000000000000000000000017d784000000000000000000000000000000000000000000000000000000000000000020000000000000000000000000000000000000000004b8e1104c1cb3ddb936365
58281167,2024-06-17 19:02:11,0x51cdc476d9b6234e391d5561763a4a6fca258f9ab2a0a3ed0fb44190765ab894,38,153,"['0x804c9b842b2748a22bb64b345453a3de7ca54a6ca45ce00d415894979e22897a', '0x0000000000000000000000002791bca1f2de4661ed88a30c99a7a9449aa84174']",0x0000000000000000000000000000000000000000002f743599500f3068682b4c0000000000000000000000000000000000000000005ec491e7ab72cb2567f2050000000000000000000000000000000000000000004b8f472033ddbf541ee8610000000000000000000000000000000000000000038bfe83c5ce6b46fbcaea7e000000000000000000000000000000000000000003b17f2efa866e850736af2f
58281167,2024-06-17 19:02:11,0x51cdc476d9b6234e391d5561763a4a6fca258f9ab2a0a3ed0fb44190765ab894,38,158,"['0x3115d1449a7b732c986cba18244e897a450f61e1bb8d589cd2e69e6c8924f9f7', '0x0000000000000000000000002791bca1f2de4661ed88a30c99a7a9449aa84174', '0x000000000000000000000000c4aff49fced8ac1d818a6dcab063f9f97e66ec5e', '0x000000000000000000000000c4aff49fced8ac1d818a6dcab063f9f97e66ec5e']",0x000000000000000000000000000000000000000000000000000000008346f43d
58281249,2024-06-17 19:05:07,0x42ae430beb54b0481f1225605a17de126cc4cdddb7657e467895972747aa2c9c,53,229,"['0x804c9b842b2748a22bb64b345453a3de7ca54a6ca45ce00d415894979e22897a', '0x0000000000000000000000002791bca1f2de4661ed88a30c99a7a9449aa84174']",0x0000000000000000000000000000000000000000002f712973d14aad1e9dd8720000000000000000000000000000000000000000005ec468bf66cd9b362550620000000000000000000000000000000000000000004b8c0ffad6f600a2ea479b0000000000000000000000000000000000000000038bfe96d31f9467dda24ea4000000000000000000000000000000000000000003b17f4e914f5f314394d914
58281414,2024-06-17 19:10:57,0x076be0a79c6a12c08418a7c688a9823e7331fd8dc05d76b76e65218d8b2b13a1,33,171,"['0x804c9b842b2748a22bb64b345453a3de7ca54a6ca45ce00d415894979e22897a', '0x0000000000000000000000002791bca1f2de4661ed88a30c99a7a9449aa84174']",0x0000000000000000000000000000000000000000002f715e0389316106bba21a0000000000000000000000000000000000000000005ec46ae68b12bf834cb31c0000000000000000000000000000000000000000004b8c3b09ac5cd6a9fdfe300000000000000000000000000000000000000000038bfebcb3e7435aebc60209000000000000000000000000000000000000000003b17f8d6052d8681599505e
58281414,2024-06-17 19:10:57,0x076be0a79c6a12c08418a7c688a9823e7331fd8dc05d76b76e65218d8b2b13a1,33,176,"['0x3115d1449a7b732c986cba18244e897a450f61e1bb8d589cd2e69e6c8924f9f7', '0x0000000000000000000000002791bca1f2de4661ed88a30c99a7a9449aa84174', '0x000000000000000000000000c4aff49fced8ac1d818a6dcab063f9f97e66ec5e', '0x000000000000000000000000c4aff49fced8ac1d818a6dcab063f9f97e66ec5e']",0x0000000000000000000000000000000000000000000000000000000011e1a300
58281461,2024-06-17 19:12:37,0xb3a5ae199a9b8cada6a16c89f63e98b3600490ad08cb559e9e9b750785e73724,26,114,"['0x804c9b842b2748a22bb64b345453a3de7ca54a6ca45ce00d415894979e22897a', '0x0000000000000000000000002791bca1f2de4661ed88a30c99a7a9449aa84174']",0x0000000000000000000000000000000000000000002f8744e6a2df99742e09de0000000000000000000000000000000000000000005ec54b428406c8fc4c11400000000000000000000000000000000000000000004b9dc2391f6d941df159010000000000000000000000000000000000000000038bfec78675e662ab75c1d2000000000000000000000000000000000000000003b17f9f525ed4ffa61862b7
58281461,2024-06-17 19:12:37,0xb3a5ae199a9b8cada6a16c89f63e98b3600490ad08cb559e9e9b750785e73724,26,116,"['0xb3d084820fb1a9decffb176436bd02558d15fac9b0ddfed8c465bc7359d7dce0', '0x0000000000000000000000002791bca1f2de4661ed88a30c99a7a9449aa84174', '0x0000000000000000000000008706b0771cb22e28e4142d0adeff53609a03ead8', '0x0000000000000000000000000000000000000000000000000000000000000000']",0x000000000000000000000000213c9062d6d00a06812b1de290c1a4a6cde17380000000000000000000000000000000000000000000000000000000061a9c36c700000000000000000000000000000000000000000000000000000000000000020000000000000000000000000000000000000000004b9dc2391f6d941df15901
58281467,2024-06-17 19:12:49,0x132c62318cac18a9210e69cc114346c5a030317caeeda18bcb188506db2fd970,43,161,"['0x804c9b842b2748a22bb64b345453a3de7ca54a6ca45ce00d415894979e22897a', '0x0000000000000000000000002791bca1f2de4661ed88a30c99a7a9449aa84174']",0x0000000000000000000000000000000000000000002f72d52c5031c5841c91fa0000000000000000000000000000000000000000005ec479eb36d67cf737ad300000000000000000000000000000000000000000004b8d676717a7a3b85987af0000000000000000000000000000000000000000038bfec8d386ea2379295e53000000000000000000000000000000000000000003b17fa17a27e0f7ddd9e4ee
58281467,2024-06-17 19:12:49,0x132c62318cac18a9210e69cc114346c5a030317caeeda18bcb188506db2fd970,43,164,"['0xa534c8dbe71f871f9f3530e97a74601fea17b426cae02e1c5aee42c96c784051', '0x0000000000000000000000002791bca1f2de4661ed88a30c99a7a9449aa84174', '0x0000000000000000000000008706b0771cb22e28e4142d0adeff53609a03ead8', '0x000000000000000000000000213c9062d6d00a06812b1de290c1a4a6cde17380']",0x00000000000000000000000000000000000000000000000000000005b219dce80000000000000000000000000000000000000000000000000000000000000000
58281582,2024-06-17 19:16:53,0x4fd9ae31862e55831fc94329726d3f0c48cadae8c8ac631ce809eedf8c05486c,19,122,"['0x804c9b842b2748a22bb64b345453a3de7ca54a6ca45ce00d415894979e22897a', '0x0000000000000000000000002791bca1f2de4661ed88a30c99a7a9449aa84174']",0x0000000000000000000000000000000000000000002f72e74e6a47fed129b25a0000000000000000000000000000000000000000005ec47aa91e7e979885949a0000000000000000000000000000000000000000004b8d763d30c9b8526f9c080000000000000000000000000000000000000000038bfee33c80ea8fd53b39a4000000000000000000000000000000000000000003b17fcd4450e7c2864d00f0
58281582,2024-06-17 19:16:53,0x4fd9ae31862e55831fc94329726d3f0c48cadae8c8ac631ce809eedf8c05486c,19,126,"['0x3115d1449a7b732c986cba18244e897a450f61e1bb8d589cd2e69e6c8924f9f7', '0x0000000000000000000000002791bca1f2de4661ed88a30c99a7a9449aa84174', '0x000000000000000000000000db92b89ca415c0dab40dc96e99fc411c08f20780', '0x000000000000000000000000db92b89ca415c0dab40dc96e99fc411c08f20780']",0x00000000000000000000000000000000000000000000000000000000060892fe
58281645,2024-06-17 19:19:07,0xca3f00e8ef3f43716b2e5bea4133434823425d6f3c2cebb3afa673aef6304233,19,65,"['0x804c9b842b2748a22bb64b345453a3de7ca54a6ca45ce00d415894979e22897a', '0x0000000000000000000000002791bca1f2de4661ed88a30c99a7a9449aa84174']",0x0000000000000000000000000000000000000000002f730f0e1eda8640d9510e0000000000000000000000000000000000000000005ec477b4cb1046edb893200000000000000000000000000000000000000000004b8d3b26ac2b6afa6b7e840000000000000000000000000000000000000000038bfef1bd85af68fcc5399f000000000000000000000000000000000000000003b17fe550bcc256313fa6c6
58281645,2024-06-17 19:19:07,0xca3f00e8ef3f43716b2e5bea4133434823425d6f3c2cebb3afa673aef6304233,19,88,"['0x804c9b842b2748a22bb64b345453a3de7ca54a6ca45ce00d415894979e22897a', '0x0000000000000000000000002791bca1f2de4661ed88a30c99a7a9449aa84174']",0x0000000000000000000000000000000000000000002f716121c7742e72f4513b0000000000000000000000000000000000000000005ec46614025ac5c8a9864d0000000000000000000000000000000000000000004b8bda96fdfd54153e7e0b0000000000000000000000000000000000000000038bfef3db6495376ec30bd2000000000000000000000000000000000000000003b17fe550bcc256313fa6c6
58281646,2024-06-17 19:19:09,0xaf42b82fe439bb2041fc158226ade7bde54ff4ce500bb942208b20453e4d7d58,496,517,"['0x804c9b842b2748a22bb64b345453a3de7ca54a6ca45ce00d415894979e22897a', '0x0000000000000000000000002791bca1f2de4661ed88a30c99a7a9449aa84174']",0x0000000000000000000000000000000000000000002f7870bb87babf545eeb960000000000000000000000000000000000000000005ec4ae6e5768519010fa240000000000000000000000000000000000000000004b9181a5a30c3fa9538ad00000000000000000000000000000000000000000038bfef412cddcecc1378e44000000000000000000000000000000000000000003b17fe5ac9dd9c7a5a918e6
58281646,2024-06-17 19:19:09,0xaf42b82fe439bb2041fc158226ade7bde54ff4ce500bb942208b20453e4d7d58,496,519,"['0xb3d084820fb1a9decffb176436bd02558d15fac9b0ddfed8c465bc7359d7dce0', '0x0000000000000000000000002791bca1f2de4661ed88a30c99a7a9449aa84174', '0x0000000000000000000000008706b0771cb22e28e4142d0adeff53609a03ead8', '0x0000000000000000000000000000000000000000000000000000000000000000']",0x000000000000000000000000213c9062d6d00a06812b1de290c1a4a6cde1738000000000000000000000000000000000000000000000000000000001f7f210ef00000000000000000000000000000000000000000000000000000000000000020000000000000000000000000000000000000000004b9181a5a30c3fa9538ad0
58281652,2024-06-17 19:19:23,0xebcd4fec2aa60879d2cddb1bbc3a53a1797a7c93fa222e9037ef4e765ae8d3f2,32,155,"['0x804c9b842b2748a22bb64b345453a3de7ca54a6ca45ce00d415894979e22897a', '0x0000000000000000000000002791bca1f2de4661ed88a30c99a7a9449aa84174']",0x0000000000000000000000000000000000000000002f71612ea91185e1fc0cc90000000000000000000000000000000000000000005ec46614823bc11a69c5ca0000000000000000000000000000000000000000004b8bdaa0fb90f6784373cc0000000000000000000000000000000000000000038bfef596e88d5f743bec8d000000000000000000000000000000000000000003b17fe82ff59e373c1a85e2
58281652,2024-06-17 19:19:23,0xebcd4fec2aa60879d2cddb1bbc3a53a1797a7c93fa222e9037ef4e765ae8d3f2,32,158,"['0xa534c8dbe71f871f9f3530e97a74601fea17b426cae02e1c5aee42c96c784051', '0x0000000000000000000000002791bca1f2de4661ed88a30c99a7a9449aa84174', '0x0000000000000000000000008706b0771cb22e28e4142d0adeff53609a03ead8', '0x000000000000000000000000213c9062d6d00a06812b1de290c1a4a6cde17380']",0x00000000000000000000000000000000000000000000000000000001f7f210ef0000000000000000000000000000000000000000000000000000000000000000
58281683,2024-06-17 19:20:29,0x56f9e77691e7ef50f020b8d9db3d615e2e84ac039ce49b78ea8f69c700f56c18,0,9,"['0x804c9b842b2748a22bb64b345453a3de7ca54a6ca45ce00d415894979e22897a', '0x0000000000000000000000002791bca1f2de4661ed88a30c99a7a9449aa84174']",0x0000000000000000000000000000000000000000002f79ec799b68062525ea6b0000000000000000000000000000000000000000005ec4bda0b9f60c03ea3c9d0000000000000000000000000000000000000000004b92b195561ed0b64cbc420000000000000000000000000000000000000000038bfefcbb7ad12cbcc21e7d000000000000000000000000000000000000000003b17ff407f9c1081a689c94
58281683,2024-06-17 19:20:29,0x56f9e77691e7ef50f020b8d9db3d615e2e84ac039ce49b78ea8f69c700f56c18,0,11,"['0xb3d084820fb1a9decffb176436bd02558d15fac9b0ddfed8c465bc7359d7dce0', '0x0000000000000000000000002791bca1f2de4661ed88a30c99a7a9449aa84174', '0x0000000000000000000000008706b0771cb22e28e4142d0adeff53609a03ead8', '0x0000000000000000000000000000000000000000000000000000000000000000']",0x000000000000000000000000213c9062d6d00a06812b1de290c1a4a6cde173800000000000000000000000000000000000000000000000000000000261b9c0ad00000000000000000000000000000000000000000000000000000000000000020000000000000000000000000000000000000000004b92b195561ed0b64cbc42
58281684,2024-06-17 19:20:31,0x504b7f4886496d54991473f93208b91256f16c8d96f3ce9f057fd1eef53d93a1,1,10,"['0x804c9b842b2748a22bb64b345453a3de7ca54a6ca45ce00d415894979e22897a', '0x0000000000000000000000002791bca1f2de4661ed88a30c99a7a9449aa84174']",0x0000000000000000000000000000000000000000002f8278617fcfbd42e83e870000000000000000000000000000000000000000005ec5152af2648b689e51b20000000000000000000000000000000000000000004b998861bec0c4945e61d50000000000000000000000000000000000000000038bfefcf2ee1425c6de22ef000000000000000000000000000000000000000003b17ff463e32b75ceb5b132
58281684,2024-06-17 19:20:31,0x504b7f4886496d54991473f93208b91256f16c8d96f3ce9f057fd1eef53d93a1,1,12,"['0xb3d084820fb1a9decffb176436bd02558d15fac9b0ddfed8c465bc7359d7dce0', '0x0000000000000000000000002791bca1f2de4661ed88a30c99a7a9449aa84174', '0x0000000000000000000000008706b0771cb22e28e4142d0adeff53609a03ead8', '0x0000000000000000000000000000000000000000000000000000000000000000']",0x000000000000000000000000213c9062d6d00a06812b1de290c1a4a6cde173800000000000000000000000000000000000000000000000000000000261b9c0ad00000000000000000000000000000000000000000000000000000000000000020000000000000000000000000000000000000000004b998861bec0c4945e61d5
58281686,2024-06-17 19:20:35,0xdbaed21521915a27a659fca3aa8981718ae468f1a02282a26702bf0e8c040fd9,38,147,"['0x804c9b842b2748a22bb64b345453a3de7ca54a6ca45ce00d415894979e22897a', '0x0000000000000000000000002791bca1f2de4661ed88a30c99a7a9449aa84174']",0x0000000000000000000000000000000000000000002f7a600a475b23e0a8976a0000000000000000000000000000000000000000005ec4c240a2e5723415fd9a0000000000000000000000000000000000000000004b930e1388d2cc79b7d0090000000000000000000000000000000000000000038bfefd61e890e1470a0910000000000000000000000000000000000000000003b17ff51bc6a30ee74a7b3a
58281686,2024-06-17 19:20:35,0xdbaed21521915a27a659fca3aa8981718ae468f1a02282a26702bf0e8c040fd9,38,150,"['0xa534c8dbe71f871f9f3530e97a74601fea17b426cae02e1c5aee42c96c784051', '0x0000000000000000000000002791bca1f2de4661ed88a30c99a7a9449aa84174', '0x0000000000000000000000008706b0771cb22e28e4142d0adeff53609a03ead8', '0x000000000000000000000000213c9062d6d00a06812b1de290c1a4a6cde17380']",0x000000000000000000000000000000000000000000000000000000024184f7090000000000000000000000000000000000000000000000000000000000000000
58281690,2024-06-17 19:20:43,0xf89130847f176da7783ed745b90b92284355a77a7d7f5471bea2bed1bc657221,39,1239,"['0x804c9b842b2748a22bb64b345453a3de7ca54a6ca45ce00d415894979e22897a', '0x0000000000000000000000002791bca1f2de4661ed88a30c99a7a9449aa84174']",0x0000000000000000000000000000000000000000002f7a65a0124309faef399f0000000000000000000000000000000000000000005ec4c279d84c2a1bbfda790000000000000000000000000000000000000000004b93128bb4d92a92fd117e0000000000000000000000000000000000000000038bfefe3fb7b8d49a088783000000000000000000000000000000000000000003b17ff68b6e0f5c1c5f7013
58281690,2024-06-17 19:20:43,0xf89130847f176da7783ed745b90b92284355a77a7d7f5471bea2bed1bc657221,39,1241,"['0xb3d084820fb1a9decffb176436bd02558d15fac9b0ddfed8c465bc7359d7dce0', '0x0000000000000000000000002791bca1f2de4661ed88a30c99a7a9449aa84174', '0x000000000000000000000000a434187047120684940f946f367ba9a16db11b4c', '0x0000000000000000000000000000000000000000000000000000000000000000']",0x000000000000000000000000a434187047120684940f946f367ba9a16db11b4c00000000000000000000000000000000000000000000000000000000018cba8000000000000000000000000000000000000000000000000000000000000000020000000000000000000000000000000000000000004b93128bb4d92a92fd117e
58281699,2024-06-17 19:21:03,0x5c0d16119f8ac92b5cbe8dce80e69a9cdef1d3f1dafcf1a7f79aa11dfb3e2885,22,84,"['0x804c9b842b2748a22bb64b345453a3de7ca54a6ca45ce00d415894979e22897a', '0x0000000000000000000000002791bca1f2de4661ed88a30c99a7a9449aa84174']",0x0000000000000000000000000000000000000000002f73a9ffb3cd5658c9f8e90000000000000000000000000000000000000000005ec47d7d994537f6dd9a6c0000000000000000000000000000000000000000004b8daed6c84e3fb15010720000000000000000000000000000000000000000038bff006a3dde77bcfac018000000000000000000000000000000000000000003b17ffa2290d6e9fbf3a15a
58281699,2024-06-17 19:21:03,0x5c0d16119f8ac92b5cbe8dce80e69a9cdef1d3f1dafcf1a7f79aa11dfb3e2885,22,87,"['0xa534c8dbe71f871f9f3530e97a74601fea17b426cae02e1c5aee42c96c784051', '0x0000000000000000000000002791bca1f2de4661ed88a30c99a7a9449aa84174', '0x0000000000000000000000008706b0771cb22e28e4142d0adeff53609a03ead8', '0x000000000000000000000000213c9062d6d00a06812b1de290c1a4a6cde17380']",0x00000000000000000000000000000000000000000000000000000001e08254ec0000000000000000000000000000000000000000000000000000000000000000
58281789,2024-06-17 19:24:13,0x8fb0ea2d1cec44f0a3e617def46e06730baa372f4302f946baad978f7010b4b2,8,26,"['0x804c9b842b2748a22bb64b345453a3de7ca54a6ca45ce00d415894979e22897a', '0x0000000000000000000000002791bca1f2de4661ed88a30c99a7a9449aa84174']",0x0000000000000000000000000000000000000000003040935e970831472598a10000000000000000000000000000000000000000005eccdb43944fef49dd2cd50000000000000000000000000000000000000000004c35024e6524922d4780ab0000000000000000000000000000000000000000038bff14fb4d4202aae0201e000000000000000000000000000000000000000003b1801c3bed3af0e17d645d
58281789,2024-06-17 19:24:13,0x8fb0ea2d1cec44f0a3e617def46e06730baa372f4302f946baad978f7010b4b2,8,31,"['0x3115d1449a7b732c986cba18244e897a450f61e1bb8d589cd2e69e6c8924f9f7', '0x0000000000000000000000002791bca1f2de4661ed88a30c99a7a9449aa84174', '0x0000000000000000000000008290fda77c43437ab141d02ebc05f95bdd96e182', '0x0000000000000000000000008290fda77c43437ab141d02ebc05f95bdd96e182']",0x00000000000000000000000000000000000000000000000000000046473d8026
58281789,2024-06-17 19:24:13,0x8fb0ea2d1cec44f0a3e617def46e06730baa372f4302f946baad978f7010b4b2,8,45,"['0x804c9b842b2748a22bb64b345453a3de7ca54a6ca45ce00d415894979e22897a', '0x0000000000000000000000002791bca1f2de4661ed88a30c99a7a9449aa84174']",0x0000000000000000000000000000000000000000002f73a9507f08d757399f8e0000000000000000000000000000000000000000005ec47d76133e8c16de0c650000000000000000000000000000000000000000004b8dae404fc8d23158f7eb0000000000000000000000000000000000000000038bff14fb4d4202aae0201e000000000000000000000000000000000000000003b1801c3bed3af0e17d645d
58281789,2024-06-17 19:24:13,0x8fb0ea2d1cec44f0a3e617def46e06730baa372f4302f946baad978f7010b4b2,8,51,"['0x2b627736bca15cd5381dcf80b0bf11fd197d01a037c52b927a881a10fb73ba61', '0x0000000000000000000000002791bca1f2de4661ed88a30c99a7a9449aa84174', '0x0000000000000000000000008290fda77c43437ab141d02ebc05f95bdd96e182', '0x0000000000000000000000000000000000000000000000000000000000000000']",0x0000000000000000000000008290fda77c43437ab141d02ebc05f95bdd96e1820000000000000000000000000000000000000000000000000000004647af7821
58281848,2024-06-17 19:26:19,0xa1202b4569e418ba64ca574cdc13c0647c86301134bb8354bfe2c0ed90ee3dc5,44,195,"['0x804c9b842b2748a22bb64b345453a3de7ca54a6ca45ce00d415894979e22897a', '0x0000000000000000000000002791bca1f2de4661ed88a30c99a7a9449aa84174']",0x0000000000000000000000000000000000000000002f76559c912281e49f30530000000000000000000000000000000000000000005ec498d9db8730780d39350000000000000000000000000000000000000000004b8fd20bf575a9c908781c0000000000000000000000000000000000000000038bff229ede4fe869df352b000000000000000000000000000000000000000003b18032d8df8cac6bb0f76c
58281848,2024-06-17 19:26:19,0xa1202b4569e418ba64ca574cdc13c0647c86301134bb8354bfe2c0ed90ee3dc5,44,197,"['0xb3d084820fb1a9decffb176436bd02558d15fac9b0ddfed8c465bc7359d7dce0', '0x0000000000000000000000002791bca1f2de4661ed88a30c99a7a9449aa84174', '0x0000000000000000000000008706b0771cb22e28e4142d0adeff53609a03ead8', '0x0000000000000000000000000000000000000000000000000000000000000000']",0x000000000000000000000000213c9062d6d00a06812b1de290c1a4a6cde1738000000000000000000000000000000000000000000000000000000000beaaac7a00000000000000000000000000000000000000000000000000000000000000020000000000000000000000000000000000000000004b8fd20bf575a9c908781c
58281852,2024-06-17 19:26:27,0x00c1d1e21788200853eb351f8bbfa70bfdf7820b89fcfa5564ebcfd80acb5269,75,260,"['0x804c9b842b2748a22bb64b345453a3de7ca54a6ca45ce00d415894979e22897a', '0x0000000000000000000000002791bca1f2de4661ed88a30c99a7a9449aa84174']",0x0000000000000000000000000000000000000000002f7b55f87a38b27cf4496e0000000000000000000000000000000000000000005ec4cc1756c09c281bd1b00000000000000000000000000000000000000000004b93d2d995f2138a2c61b40000000000000000000000000000000000000000038bff237c9aa0477981fa17000000000000000000000000000000000000000003b18034487754c8fc774ec8
58281852,2024-06-17 19:26:27,0x00c1d1e21788200853eb351f8bbfa70bfdf7820b89fcfa5564ebcfd80acb5269,75,262,"['0xb3d084820fb1a9decffb176436bd02558d15fac9b0ddfed8c465bc7359d7dce0', '0x0000000000000000000000002791bca1f2de4661ed88a30c99a7a9449aa84174', '0x0000000000000000000000008706b0771cb22e28e4142d0adeff53609a03ead8', '0x0000000000000000000000000000000000000000000000000000000000000000']",0x000000000000000000000000213c9062d6d00a06812b1de290c1a4a6cde173800000000000000000000000000000000000000000000000000000000164e35ebb00000000000000000000000000000000000000000000000000000000000000020000000000000000000000000000000000000000004b93d2d995f2138a2c61b4
58281853,2024-06-17 19:26:29,0xdc275e3544e6e62ac20eac367ac749e0dfe7863b83e47f8e80309cbc1454570d,42,169,"['0x804c9b842b2748a22bb64b345453a3de7ca54a6ca45ce00d415894979e22897a', '0x0000000000000000000000002791bca1f2de4661ed88a30c99a7a9449aa84174']",0x0000000000000000000000000000000000000000002f746485367959c8552bcb0000000000000000000000000000000000000000005ec484f44ba14dd42a39500000000000000000000000000000000000000000004b8e441cb77ff4fb4c7a3f0000000000000000000000000000000000000000038bff23b40f8bd48f1e8def000000000000000000000000000000000000000003b18034a4622543f4c5d9bf
58281853,2024-06-17 19:26:29,0xdc275e3544e6e62ac20eac367ac749e0dfe7863b83e47f8e80309cbc1454570d,42,172,"['0xa534c8dbe71f871f9f3530e97a74601fea17b426cae02e1c5aee42c96c784051', '0x0000000000000000000000002791bca1f2de4661ed88a30c99a7a9449aa84174', '0x0000000000000000000000008706b0771cb22e28e4142d0adeff53609a03ead8', '0x000000000000000000000000213c9062d6d00a06812b1de290c1a4a6cde17380']",0x00000000000000000000000000000000000000000000000000000001ef7aebd10000000000000000000000000000000000000000000000000000000000000000
58281855,2024-06-17 19:26:33,0x7ee950c27deea520ef206e73cf31352432a62f5bee92e184e3e842a077a789ad,37,133,"['0x804c9b842b2748a22bb64b345453a3de7ca54a6ca45ce00d415894979e22897a', '0x0000000000000000000000002791bca1f2de4661ed88a30c99a7a9449aa84174']",0x0000000000000000000000000000000000000000002f720d32935239558d118a0000000000000000000000000000000000000000005ec46cf6a0e1190aca78e70000000000000000000000000000000000000000004b8c644b607bd53fd172060000000000000000000000000000000000000000038bff2422e92afc2652f2b7000000000000000000000000000000000000000003b180355c2a41aa2dc20de9
58281855,2024-06-17 19:26:33,0x7ee950c27deea520ef206e73cf31352432a62f5bee92e184e3e842a077a789ad,37,136,"['0xa534c8dbe71f871f9f3530e97a74601fea17b426cae02e1c5aee42c96c784051', '0x0000000000000000000000002791bca1f2de4661ed88a30c99a7a9449aa84174', '0x000000000000000000000000fde6b071a9ada80147b69119736c127efa3c4a14', '0x000000000000000000000000fde6b071a9ada80147b69119736c127efa3c4a14']",0x00000000000000000000000000000000000000000000000000000000a71a72550000000000000000000000000000000000000000000000000000000000000000
58281875,2024-06-17 19:27:17,0xd48c599224f7974d4f4b8c0805bad92f63ff4f3f6ca7c6c4ef54b8f34302568a,13,68,"['0x804c9b842b2748a22bb64b345453a3de7ca54a6ca45ce00d415894979e22897a', '0x0000000000000000000000002791bca1f2de4661ed88a30c99a7a9449aa84174']",0x0000000000000000000000000000000000000000002f7aafeb92fce0e1f33e870000000000000000000000000000000000000000005ec4c5723c67b95c38c2a60000000000000000000000000000000000000000004b934df387005b9c6f34f60000000000000000000000000000000000000000038bff28e606da9fcd24428f000000000000000000000000000000000000000003b1803d41915d1318eef3af
58281875,2024-06-17 19:27:17,0xd48c599224f7974d4f4b8c0805bad92f63ff4f3f6ca7c6c4ef54b8f34302568a,13,70,"['0xb3d084820fb1a9decffb176436bd02558d15fac9b0ddfed8c465bc7359d7dce0', '0x0000000000000000000000002791bca1f2de4661ed88a30c99a7a9449aa84174', '0x0000000000000000000000008706b0771cb22e28e4142d0adeff53609a03ead8', '0x0000000000000000000000000000000000000000000000000000000000000000']",0x000000000000000000000000213c9062d6d00a06812b1de290c1a4a6cde1738000000000000000000000000000000000000000000000000000000002684218d600000000000000000000000000000000000000000000000000000000000000020000000000000000000000000000000000000000004b934df387005b9c6f34f6
58281881,2024-06-17 19:27:29,0x2cfee005b959548b586bd408bc44a9e529e68678610dd23580f03baffc614abe,78,172,"['0x804c9b842b2748a22bb64b345453a3de7ca54a6ca45ce00d415894979e22897a', '0x0000000000000000000000002791bca1f2de4661ed88a30c99a7a9449aa84174']",0x0000000000000000000000000000000000000000002f7083e64104ab0276ffaf0000000000000000000000000000000000000000005ec45d37d7696d35d9e3ce0000000000000000000000000000000000000000004b8b2963a322689d05cc1a0000000000000000000000000000000000000000038bff2a32bfd6465403db6d000000000000000000000000000000000000000003b1803f690e7bed1eb1e918
58281881,2024-06-17 19:27:29,0x2cfee005b959548b586bd408bc44a9e529e68678610dd23580f03baffc614abe,78,175,"['0xa534c8dbe71f871f9f3530e97a74601fea17b426cae02e1c5aee42c96c784051', '0x0000000000000000000000002791bca1f2de4661ed88a30c99a7a9449aa84174', '0x0000000000000000000000008706b0771cb22e28e4142d0adeff53609a03ead8', '0x000000000000000000000000213c9062d6d00a06812b1de290c1a4a6cde17380']",0x00000000000000000000000000000000000000000000000000000002d5f945ea0000000000000000000000000000000000000000000000000000000000000000
58281906,2024-06-17 19:28:23,0x65142daa44b25986273a73f6dc74bf9bf6963584c7f0dcc0ae6ea272078e860c,37,167,"['0x804c9b842b2748a22bb64b345453a3de7ca54a6ca45ce00d415894979e22897a', '0x0000000000000000000000002791bca1f2de4661ed88a30c99a7a9449aa84174']",0x0000000000000000000000000000000000000000002f6fae0b04067f2677150f0000000000000000000000000000000000000000005ec454a7f55f330fccf40a0000000000000000000000000000000000000000004b8a7e25fa55dda40310d20000000000000000000000000000000000000000038bff300abf7f660d927a15000000000000000000000000000000000000000003b1804919b632b65ad102b7
58281906,2024-06-17 19:28:23,0x65142daa44b25986273a73f6dc74bf9bf6963584c7f0dcc0ae6ea272078e860c,37,170,"['0xa534c8dbe71f871f9f3530e97a74601fea17b426cae02e1c5aee42c96c784051', '0x0000000000000000000000002791bca1f2de4661ed88a30c99a7a9449aa84174', '0x000000000000000000000000a6320947b37ab6012cd1d420de21aa6194597fc9', '0x000000000000000000000000a6320947b37ab6012cd1d420de21aa6194597fc9']",0x000000000000000000000000000000000000000000000000000000003bae84090000000000000000000000000000000000000000000000000000000000000000
58281946,2024-06-17 19:29:47,0x57df66d8db14dd33fdf4bdc6a579a1ddee36cab8873be8cf4660a21d7734f76e,122,232,"['0x804c9b842b2748a22bb64b345453a3de7ca54a6ca45ce00d415894979e22897a', '0x0000000000000000000000002791bca1f2de4661ed88a30c99a7a9449aa84174']",0x0000000000000000000000000000000000000000002f6f7b2440705f031dc49c0000000000000000000000000000000000000000005ec4529e2b87106f0c1e260000000000000000000000000000000000000000004b8a556235732914f25b010000000000000000000000000000000000000000038bff3921b27e73126e097b000000000000000000000000000000000000000003b180582c603a14c4aff5dd
58281946,2024-06-17 19:29:47,0x57df66d8db14dd33fdf4bdc6a579a1ddee36cab8873be8cf4660a21d7734f76e,122,235,"['0xa534c8dbe71f871f9f3530e97a74601fea17b426cae02e1c5aee42c96c784051', '0x0000000000000000000000002791bca1f2de4661ed88a30c99a7a9449aa84174', '0x0000000000000000000000000a7972db76bef61f7a474cb1fdd7ed5267637b0f', '0x0000000000000000000000000a7972db76bef61f7a474cb1fdd7ed5267637b0f']",0x000000000000000000000000000000000000000000000000000000000e4497950000000000000000000000000000000000000000000000000000000000000000
58282048,2024-06-17 19:33:25,0xfdc480a4162be414433ee820538889d043c44d6c17c678ccc0e8cba5056fa928,52,234,"['0x804c9b842b2748a22bb64b345453a3de7ca54a6ca45ce00d415894979e22897a', '0x0000000000000000000000002791bca1f2de4661ed88a30c99a7a9449aa84174']",0x0000000000000000000000000000000000000000002f70285d5e1c80a9b132a80000000000000000000000000000000000000000005ec459b83df514eebc895b0000000000000000000000000000000000000000004b8ae36ba60b830ebabb1b0000000000000000000000000000000000000000038bff50b89625432e8fd3c1000000000000000000000000000000000000000003b1807f4a7337c9c7b3a273
58282048,2024-06-17 19:33:25,0xfdc480a4162be414433ee820538889d043c44d6c17c678ccc0e8cba5056fa928,52,238,"['0x3115d1449a7b732c986cba18244e897a450f61e1bb8d589cd2e69e6c8924f9f7', '0x0000000000000000000000002791bca1f2de4661ed88a30c99a7a9449aa84174', '0x000000000000000000000000db92b89ca415c0dab40dc96e99fc411c08f20780', '0x000000000000000000000000db92b89ca415c0dab40dc96e99fc411c08f20780']",0x000000000000000000000000000000000000000000000000000000003bf4f93d
58282049,2024-06-17 19:33:27,0x5a1afdc0e0d43298c621f35b460b7cc6f93d8ba0ebe6503f3b904c7d7ad16940,60,236,"['0x804c9b842b2748a22bb64b345453a3de7ca54a6ca45ce00d415894979e22897a', '0x0000000000000000000000002791bca1f2de4661ed88a30c99a7a9449aa84174']",0x0000000000000000000000000000000000000000002f75215bbf078a66514f910000000000000000000000000000000000000000005ec48cadccb00633c028ec0000000000000000000000000000000000000000004b8ede9acca65c730332680000000000000000000000000000000000000000038bff50effe0556ae85dc73000000000000000000000000000000000000000003b1807fa653319620b3491b
58282049,2024-06-17 19:33:27,0x5a1afdc0e0d43298c621f35b460b7cc6f93d8ba0ebe6503f3b904c7d7ad16940,60,238,"['0xb3d084820fb1a9decffb176436bd02558d15fac9b0ddfed8c465bc7359d7dce0', '0x0000000000000000000000002791bca1f2de4661ed88a30c99a7a9449aa84174', '0x0000000000000000000000008706b0771cb22e28e4142d0adeff53609a03ead8', '0x0000000000000000000000000000000000000000000000000000000000000000']",0x000000000000000000000000213c9062d6d00a06812b1de290c1a4a6cde173800000000000000000000000000000000000000000000000000000000162ed340b00000000000000000000000000000000000000000000000000000000000000020000000000000000000000000000000000000000004b8ede9acca65c73033268
58282054,2024-06-17 19:33:37,0xd413e3bdc4bd922308073cce170358feda2f7db3cb3161fdd0e5c0878c5262b6,43,154,"['0x804c9b842b2748a22bb64b345453a3de7ca54a6ca45ce00d415894979e22897a', '0x0000000000000000000000002791bca1f2de4661ed88a30c99a7a9449aa84174']",0x0000000000000000000000000000000000000000002f7354ad3301cd4b52e9190000000000000000000000000000000000000000005ec47a3d13d063b5a5c18e0000000000000000000000000000000000000000004b8d6dcc5b2daa98f31f1e0000000000000000000000000000000000000000038bff5205226fce56f8d9a6000000000000000000000000000000000000000003b1808171cb48c3de124ef6
58282054,2024-06-17 19:33:37,0xd413e3bdc4bd922308073cce170358feda2f7db3cb3161fdd0e5c0878c5262b6,43,157,"['0xa534c8dbe71f871f9f3530e97a74601fea17b426cae02e1c5aee42c96c784051', '0x0000000000000000000000002791bca1f2de4661ed88a30c99a7a9449aa84174', '0x0000000000000000000000008706b0771cb22e28e4142d0adeff53609a03ead8', '0x000000000000000000000000213c9062d6d00a06812b1de290c1a4a6cde17380']",0x000000000000000000000000000000000000000000000000000000008071c2b40000000000000000000000000000000000000000000000000000000000000000
58282149,2024-06-17 19:36:59,0x5ba095cb5103fa15e301bd762377d7785a685ef35454233c415b8a0ebd3877a0,34,218,"['0x804c9b842b2748a22bb64b345453a3de7ca54a6ca45ce00d415894979e22897a', '0x0000000000000000000000002791bca1f2de4661ed88a30c99a7a9449aa84174']",0x0000000000000000000000000000000000000000002f6dc6907a32bcd688bb7e0000000000000000000000000000000000000000005ec4414dd414c2af23a6340000000000000000000000000000000000000000004b88fb1b60851616c8fc0f0000000000000000000000000000000000000000038bff67e2942eed488a626e000000000000000000000000000000000000000003b180a5b261adaea9e696b2
58282149,2024-06-17 19:36:59,0x5ba095cb5103fa15e301bd762377d7785a685ef35454233c415b8a0ebd3877a0,34,221,"['0xa534c8dbe71f871f9f3530e97a74601fea17b426cae02e1c5aee42c96c784051', '0x0000000000000000000000002791bca1f2de4661ed88a30c99a7a9449aa84174', '0x0000000000000000000000008706b0771cb22e28e4142d0adeff53609a03ead8', '0x000000000000000000000000213c9062d6d00a06812b1de290c1a4a6cde17380']",0x000000000000000000000000000000000000000000000000000000018cb7cd4b0000000000000000000000000000000000000000000000000000000000000000
58282195,2024-06-17 19:38:40,0xe2cfd84b0bb5ee45b6eb8d4a58d4c5db7a62a4deba0f81159c5edcf480b8fccb,33,117,"['0x804c9b842b2748a22bb64b345453a3de7ca54a6ca45ce00d415894979e22897a', '0x0000000000000000000000002791bca1f2de4661ed88a30c99a7a9449aa84174']",0x0000000000000000000000000000000000000000002f6bf3a90fa2945f0481e30000000000000000000000000000000000000000005ec42e278f4c11b73211a50000000000000000000000000000000000000000004b877c1e00d742b7e960f00000000000000000000000000000000000000000038bff72d005aaf20d811be2000000000000000000000000000000000000000003b180b7d19c3532f5c23004
58282195,2024-06-17 19:38:40,0xe2cfd84b0bb5ee45b6eb8d4a58d4c5db7a62a4deba0f81159c5edcf480b8fccb,33,122,"['0x2b627736bca15cd5381dcf80b0bf11fd197d01a037c52b927a881a10fb73ba61', '0x0000000000000000000000002791bca1f2de4661ed88a30c99a7a9449aa84174', '0x000000000000000000000000f6f3e2107ed07262a287512930f85625d6023923', '0x0000000000000000000000000000000000000000000000000000000000000000']",0x000000000000000000000000f6f3e2107ed07262a287512930f85625d602392300000000000000000000000000000000000000000000000000000000a2677b8c
58282235,2024-06-17 19:40:04,0x1334ba91b98fdfe64257b3369ffa3abc31553473d57b137e000053fc194b3117,47,171,"['0x804c9b842b2748a22bb64b345453a3de7ca54a6ca45ce00d415894979e22897a', '0x0000000000000000000000002791bca1f2de4661ed88a30c99a7a9449aa84174']",0x0000000000000000000000000000000000000000002f6af62bc4853e0be9d6ee0000000000000000000000000000000000000000005ec42400ec43423af304930000000000000000000000000000000000000000004b86b11944270d02fc5b7a0000000000000000000000000000000000000000038bff7be642748b094e7c86000000000000000000000000000000000000000003b180c6e3ae5ad734a3c20b
58282235,2024-06-17 19:40:04,0x1334ba91b98fdfe64257b3369ffa3abc31553473d57b137e000053fc194b3117,47,174,"['0xa534c8dbe71f871f9f3530e97a74601fea17b426cae02e1c5aee42c96c784051', '0x0000000000000000000000002791bca1f2de4661ed88a30c99a7a9449aa84174', '0x00000000000000000000000067fc284f546b2c5eceb2dbe438d063a73192e6d4', '0x00000000000000000000000067fc284f546b2c5eceb2dbe438d063a73192e6d4']",0x0000000000000000000000000000000000000000000000000000000046c70efb0000000000000000000000000000000000000000000000000000000000000000
58282262,2024-06-17 19:41:02,0xb01224a9435f949f7ca8d13f963f7725536ad9a00fb486d1076c62c0953b0ef0,31,131,"['0x804c9b842b2748a22bb64b345453a3de7ca54a6ca45ce00d415894979e22897a', '0x0000000000000000000000002791bca1f2de4661ed88a30c99a7a9449aa84174']",0x0000000000000000000000000000000000000000002f6bcfaa0998c72ff508bd0000000000000000000000000000000000000000005ec42cec744718d89e2be70000000000000000000000000000000000000000004b87637fe473d1545b6e050000000000000000000000000000000000000000038bff822c5724651f5a85ab000000000000000000000000000000000000000003b180d14b7a7bb63035fde9
58282262,2024-06-17 19:41:02,0xb01224a9435f949f7ca8d13f963f7725536ad9a00fb486d1076c62c0953b0ef0,31,135,"['0x3115d1449a7b732c986cba18244e897a450f61e1bb8d589cd2e69e6c8924f9f7', '0x0000000000000000000000002791bca1f2de4661ed88a30c99a7a9449aa84174', '0x000000000000000000000000db92b89ca415c0dab40dc96e99fc411c08f20780', '0x000000000000000000000000db92b89ca415c0dab40dc96e99fc411c08f20780']",0x000000000000000000000000000000000000000000000000000000004b8c1fe6
58282275,2024-06-17 19:41:30,0x5ce5526fc25315a21a4f4f150f760063c6a2d98c97d81fabb596247e7d347995,40,137,"['0x804c9b842b2748a22bb64b345453a3de7ca54a6ca45ce00d415894979e22897a', '0x0000000000000000000000002791bca1f2de4661ed88a30c99a7a9449aa84174']",0x0000000000000000000000000000000000000000002f6bb1b1c7e78f4810830a0000000000000000000000000000000000000000005ec42bb934b9868f93f6110000000000000000000000000000000000000000004b874b7eed64639f8f39500000000000000000000000000000000000000000038bff8533be7d74b4183279000000000000000000000000000000000000000003b180d6517f00eac5448f68
58282275,2024-06-17 19:41:30,0x5ce5526fc25315a21a4f4f150f760063c6a2d98c97d81fabb596247e7d347995,40,140,"['0xa534c8dbe71f871f9f3530e97a74601fea17b426cae02e1c5aee42c96c784051', '0x0000000000000000000000002791bca1f2de4661ed88a30c99a7a9449aa84174', '0x000000000000000000000000adfad9dfc36a22b45e173162588e474e2e37f630', '0x000000000000000000000000adfad9dfc36a22b45e173162588e474e2e37f630']",0x00000000000000000000000000000000000000000000000000000000086226100000000000000000000000000000000000000000000000000000000000000000
58282292,2024-06-17 19:42:06,0xe5da1b6dc0d69e231489ca4eb243fdc7998eb37c1bedf41be5e9469d89779607,17,63,"['0x804c9b842b2748a22bb64b345453a3de7ca54a6ca45ce00d415894979e22897a', '0x0000000000000000000000002791bca1f2de4661ed88a30c99a7a9449aa84174']",0x0000000000000000000000000000000000000000002f6c7a898c0f28c09879b60000000000000000000000000000000000000000005ec433f5e3f8cbbe9415900000000000000000000000000000000000000000004b87f03c9e55cb4b91af490000000000000000000000000000000000000000038bff8918aea1cc21783405000000000000000000000000000000000000000003b180dcc6f0842adc235876
58282292,2024-06-17 19:42:06,0xe5da1b6dc0d69e231489ca4eb243fdc7998eb37c1bedf41be5e9469d89779607,17,67,"['0x3115d1449a7b732c986cba18244e897a450f61e1bb8d589cd2e69e6c8924f9f7', '0x0000000000000000000000002791bca1f2de4661ed88a30c99a7a9449aa84174', '0x000000000000000000000000db92b89ca415c0dab40dc96e99fc411c08f20780', '0x000000000000000000000000db92b89ca415c0dab40dc96e99fc411c08f20780']",0x0000000000000000000000000000000000000000000000000000000045c6c746
58282518,2024-06-17 19:50:10,0x157a8de4068d4f7658b053bdc33d80d3ff9efcbe4cb328c7c5beec8a6d2f366d,6,22,"['0x804c9b842b2748a22bb64b345453a3de7ca54a6ca45ce00d415894979e22897a', '0x0000000000000000000000002791bca1f2de4661ed88a30c99a7a9449aa84174']",0x0000000000000000000000000000000000000000002f834cfe774cebb90482570000000000000000000000000000000000000000005ec51dc8d76e9fe8b1adfc0000000000000000000000000000000000000000004b9a34b7a38a5e95e197ad0000000000000000000000000000000000000000038bffbd74d3d8b0700ecca4000000000000000000000000000000000000000003b181339d52fbd413e4b8bc
58282518,2024-06-17 19:50:10,0x157a8de4068d4f7658b053bdc33d80d3ff9efcbe4cb328c7c5beec8a6d2f366d,6,24,"['0xb3d084820fb1a9decffb176436bd02558d15fac9b0ddfed8c465bc7359d7dce0', '0x0000000000000000000000002791bca1f2de4661ed88a30c99a7a9449aa84174', '0x0000000000000000000000008706b0771cb22e28e4142d0adeff53609a03ead8', '0x0000000000000000000000000000000000000000000000000000000000000000']",0x000000000000000000000000213c9062d6d00a06812b1de290c1a4a6cde17380000000000000000000000000000000000000000000000000000000065c2d9d7e00000000000000000000000000000000000000000000000000000000000000020000000000000000000000000000000000000000004b9a34b7a38a5e95e197ad
58282521,2024-06-17 19:50:16,0x56631eb4ffc1b05ba7c637b050ceee02ef04f3852c040bcd7a1ee0e0bb209f1e,24,86,"['0x804c9b842b2748a22bb64b345453a3de7ca54a6ca45ce00d415894979e22897a', '0x0000000000000000000000002791bca1f2de4661ed88a30c99a7a9449aa84174']",0x0000000000000000000000000000000000000000002f6c7c13ee17307839b8620000000000000000000000000000000000000000005ec43405306fb289fa5d300000000000000000000000000000000000000000004b87f16e979fd32f8f47cc0000000000000000000000000000000000000000038bffbe1b4ea00d83194134000000000000000000000000000000000000000003b18134b12b01311119220f
58282521,2024-06-17 19:50:16,0x56631eb4ffc1b05ba7c637b050ceee02ef04f3852c040bcd7a1ee0e0bb209f1e,24,89,"['0xa534c8dbe71f871f9f3530e97a74601fea17b426cae02e1c5aee42c96c784051', '0x0000000000000000000000002791bca1f2de4661ed88a30c99a7a9449aa84174', '0x0000000000000000000000008706b0771cb22e28e4142d0adeff53609a03ead8', '0x000000000000000000000000213c9062d6d00a06812b1de290c1a4a6cde17380']",0x000000000000000000000000000000000000000000000000000000065c2d9d7d0000000000000000000000000000000000000000000000000000000000000000
58282546,2024-06-17 19:51:10,0x4cf1ff27fefaebbfddf2e2016d0ec613ba3b86bfef332ac23e3b49bd989e7ec1,47,153,"['0x804c9b842b2748a22bb64b345453a3de7ca54a6ca45ce00d415894979e22897a', '0x0000000000000000000000002791bca1f2de4661ed88a30c99a7a9449aa84174']",0x0000000000000000000000000000000000000000002f6cd2eb91fed6961c80cf0000000000000000000000000000000000000000005ec43794df50733d817a0f0000000000000000000000000000000000000000004b8838a8412ee1361d892c0000000000000000000000000000000000000000038bffc3f2d0226e8bceebf1000000000000000000000000000000000000000003b1813e616b8aca58300aa5
58282546,2024-06-17 19:51:10,0x4cf1ff27fefaebbfddf2e2016d0ec613ba3b86bfef332ac23e3b49bd989e7ec1,47,157,"['0x3115d1449a7b732c986cba18244e897a450f61e1bb8d589cd2e69e6c8924f9f7', '0x0000000000000000000000002791bca1f2de4661ed88a30c99a7a9449aa84174', '0x000000000000000000000000db92b89ca415c0dab40dc96e99fc411c08f20780', '0x000000000000000000000000db92b89ca415c0dab40dc96e99fc411c08f20780']",0x000000000000000000000000000000000000000000000000000000001e2062c0
58282567,2024-06-17 19:51:54,0x6c7a4a86bea1416a80882c4dceb2842038c7405130d8c6cce3ee6c74b613a78c,35,144,"['0x804c9b842b2748a22bb64b345453a3de7ca54a6ca45ce00d415894979e22897a', '0x0000000000000000000000002791bca1f2de4661ed88a30c99a7a9449aa84174']",0x0000000000000000000000000000000000000000002f6cd5a17acaa96a4f3de00000000000000000000000000000000000000000005ec437b140a684ab8f31a80000000000000000000000000000000000000000004b883adfdbe83dcf2fe1160000000000000000000000000000000000000000038bffc8b568556a149ea407000000000000000000000000000000000000000003b181464665468c7e2aed9b
58282567,2024-06-17 19:51:54,0x6c7a4a86bea1416a80882c4dceb2842038c7405130d8c6cce3ee6c74b613a78c,35,148,"['0x3115d1449a7b732c986cba18244e897a450f61e1bb8d589cd2e69e6c8924f9f7', '0x0000000000000000000000002791bca1f2de4661ed88a30c99a7a9449aa84174', '0x000000000000000000000000f3c925a073be74564946d31b3c17a010641d95da', '0x000000000000000000000000f3c925a073be74564946d31b3c17a010641d95da']",0x0000000000000000000000000000000000000000000000000000000000e4e1c0
58282597,2024-06-17 19:52:58,0x458fe7d05bc3da9d10e176424e27fcf440bf065ec02e205d3b8022dacaf386fb,32,104,"['0x804c9b842b2748a22bb64b345453a3de7ca54a6ca45ce00d415894979e22897a', '0x0000000000000000000000002791bca1f2de4661ed88a30c99a7a9449aa84174']",0x0000000000000000000000000000000000000000002f6cdf437bfba5f0d351160000000000000000000000000000000000000000005ec438164658dfc200ff550000000000000000000000000000000000000000004b8842c44dd75b9013f2a50000000000000000000000000000000000000000038bffcfa1e90e2ba2f1f8a1000000000000000000000000000000000000000003b18151c1ff863f119699ca
58282597,2024-06-17 19:52:58,0x458fe7d05bc3da9d10e176424e27fcf440bf065ec02e205d3b8022dacaf386fb,32,108,"['0x3115d1449a7b732c986cba18244e897a450f61e1bb8d589cd2e69e6c8924f9f7', '0x0000000000000000000000002791bca1f2de4661ed88a30c99a7a9449aa84174', '0x000000000000000000000000510c2920e99bebf6c6681a3301e8f3bb87a1351a', '0x000000000000000000000000510c2920e99bebf6c6681a3301e8f3bb87a1351a']",0x0000000000000000000000000000000000000000000000000000000003473bc0
58282620,2024-06-17 19:53:46,0x54e198229083840a44d790728a16b232205ec070f1c01b545a7be13023519b28,9,36,"['0x804c9b842b2748a22bb64b345453a3de7ca54a6ca45ce00d415894979e22897a', '0x0000000000000000000000002791bca1f2de4661ed88a30c99a7a9449aa84174']",0x0000000000000000000000000000000000000000002f6cdf6a217ae97b26b4370000000000000000000000000000000000000000005ec43817c6217c794ae07a0000000000000000000000000000000000000000004b8842e2498399e1d989840000000000000000000000000000000000000000038bffd4d34ab0e4a044773e000000000000000000000000000000000000000003b1815a5eb433d14c0bc081
58282620,2024-06-17 19:53:46,0x54e198229083840a44d790728a16b232205ec070f1c01b545a7be13023519b28,9,40,"['0x3115d1449a7b732c986cba18244e897a450f61e1bb8d589cd2e69e6c8924f9f7', '0x0000000000000000000000002791bca1f2de4661ed88a30c99a7a9449aa84174', '0x000000000000000000000000db92b89ca415c0dab40dc96e99fc411c08f20780', '0x000000000000000000000000db92b89ca415c0dab40dc96e99fc411c08f20780']",0x0000000000000000000000000000000000000000000000000000000000000152
58282632,2024-06-17 19:54:12,0xfdc5ccdd4e41f7e8c6e6e0bdaa8de5c5a3ef8a5b46a05b819841c920235849b1,26,82,"['0x804c9b842b2748a22bb64b345453a3de7ca54a6ca45ce00d415894979e22897a', '0x0000000000000000000000002791bca1f2de4661ed88a30c99a7a9449aa84174']",0x0000000000000000000000000000000000000000003039ad34fdb6fc19ad31270000000000000000000000000000000000000000005ecc95605b43c65b1c2dbd0000000000000000000000000000000000000000004c2f8c8df0315f863392bd0000000000000000000000000000000000000000038bffd7a35f9a1c8a11eb51000000000000000000000000000000000000000003b1815f08eb7167b8121ce1
58282632,2024-06-17 19:54:12,0xfdc5ccdd4e41f7e8c6e6e0bdaa8de5c5a3ef8a5b46a05b819841c920235849b1,26,87,"['0x3115d1449a7b732c986cba18244e897a450f61e1bb8d589cd2e69e6c8924f9f7', '0x0000000000000000000000002791bca1f2de4661ed88a30c99a7a9449aa84174', '0x0000000000000000000000008290fda77c43437ab141d02ebc05f95bdd96e182', '0x0000000000000000000000008290fda77c43437ab141d02ebc05f95bdd96e182']",0x0000000000000000000000000000000000000000000000000000004647be8931
58282632,2024-06-17 19:54:12,0xfdc5ccdd4e41f7e8c6e6e0bdaa8de5c5a3ef8a5b46a05b819841c920235849b1,26,101,"['0x804c9b842b2748a22bb64b345453a3de7ca54a6ca45ce00d415894979e22897a', '0x0000000000000000000000002791bca1f2de4661ed88a30c99a7a9449aa84174']",0x0000000000000000000000000000000000000000002f6cba99fce08ff27513820000000000000000000000000000000000000000005ec43695385fea9bc710940000000000000000000000000000000000000000004b8824af366434938d4b8a0000000000000000000000000000000000000000038bffd7a35f9a1c8a11eb51000000000000000000000000000000000000000003b1815f08eb7167b8121ce1
58282632,2024-06-17 19:54:12,0xfdc5ccdd4e41f7e8c6e6e0bdaa8de5c5a3ef8a5b46a05b819841c920235849b1,26,107,"['0x2b627736bca15cd5381dcf80b0bf11fd197d01a037c52b927a881a10fb73ba61', '0x0000000000000000000000002791bca1f2de4661ed88a30c99a7a9449aa84174', '0x0000000000000000000000008290fda77c43437ab141d02ebc05f95bdd96e182', '0x0000000000000000000000000000000000000000000000000000000000000000']",0x0000000000000000000000008290fda77c43437ab141d02ebc05f95bdd96e1820000000000000000000000000000000000000000000000000000004654917ca9
58282731,2024-06-17 19:57:42,0xf3a4d5c481943c42f12355b6b67cb4b6a1b1285424f93a0a0698775c168ddd61,90,299,"['0x804c9b842b2748a22bb64b345453a3de7ca54a6ca45ce00d415894979e22897a', '0x0000000000000000000000002791bca1f2de4661ed88a30c99a7a9449aa84174']",0x0000000000000000000000000000000000000000002f6cbb160f0d67bd1612260000000000000000000000000000000000000000005ec43699eee63bf6b1b3a80000000000000000000000000000000000000000004b88250d78e28fade209240000000000000000000000000000000000000000038bffee5b5965361e5eba2e000000000000000000000000000000000000000003b18184b67402e9b73b8d9e
58282731,2024-06-17 19:57:42,0xf3a4d5c481943c42f12355b6b67cb4b6a1b1285424f93a0a0698775c168ddd61,90,305,"['0x2b627736bca15cd5381dcf80b0bf11fd197d01a037c52b927a881a10fb73ba61', '0x0000000000000000000000002791bca1f2de4661ed88a30c99a7a9449aa84174', '0x00000000000000000000000024dba1447bc0263d320e8733c7e2b6441120a407', '0x0000000000000000000000000000000000000000000000000000000000000000']",0x00000000000000000000000024dba1447bc0263d320e8733c7e2b6441120a40700000000000000000000000000000000000000000000000000000000000f9f32
58282806,2024-06-17 20:00:22,0x2c9685596310ac3dbfdb19bf91f48027dc18f1b3b36ba5b3017314a68bb2c6ae,34,140,"['0x804c9b842b2748a22bb64b345453a3de7ca54a6ca45ce00d415894979e22897a', '0x0000000000000000000000002791bca1f2de4661ed88a30c99a7a9449aa84174']",0x0000000000000000000000000000000000000000002f8bb5ac06604a869a501e0000000000000000000000000000000000000000005ec573f0097f356f067f930000000000000000000000000000000000000000004ba0efc78cd60d1481f77d0000000000000000000000000000000000000000038bffffaa923a962034396f000000000000000000000000000000000000000003b181a16b6f7f358ab0457b
58282806,2024-06-17 20:00:22,0x2c9685596310ac3dbfdb19bf91f48027dc18f1b3b36ba5b3017314a68bb2c6ae,34,142,"['0xb3d084820fb1a9decffb176436bd02558d15fac9b0ddfed8c465bc7359d7dce0', '0x0000000000000000000000002791bca1f2de4661ed88a30c99a7a9449aa84174', '0x0000000000000000000000008706b0771cb22e28e4142d0adeff53609a03ead8', '0x0000000000000000000000000000000000000000000000000000000000000000']",0x000000000000000000000000213c9062d6d00a06812b1de290c1a4a6cde1738000000000000000000000000000000000000000000000000000000008a219560e00000000000000000000000000000000000000000000000000000000000000020000000000000000000000000000000000000000004ba0efc78cd60d1481f77d
58282809,2024-06-17 20:00:28,0x46b721c672c2fb1bd23d0aff2390dd51732c95477803711eb996ca11409fb60b,34,115,"['0x804c9b842b2748a22bb64b345453a3de7ca54a6ca45ce00d415894979e22897a', '0x0000000000000000000000002791bca1f2de4661ed88a30c99a7a9449aa84174']",0x0000000000000000000000000000000000000000002f6f9cf6ad6d9f2e91bfc80000000000000000000000000000000000000000005ec45424f65e3e9238350e0000000000000000000000000000000000000000004b8a73ea0e42c3d46425050000000000000000000000000000000000000000038c0000512a84d42ff97a56000000000000000000000000000000000000000003b181a27f60336814e7243b
58282809,2024-06-17 20:00:28,0x46b721c672c2fb1bd23d0aff2390dd51732c95477803711eb996ca11409fb60b,34,118,"['0xa534c8dbe71f871f9f3530e97a74601fea17b426cae02e1c5aee42c96c784051', '0x0000000000000000000000002791bca1f2de4661ed88a30c99a7a9449aa84174', '0x0000000000000000000000008706b0771cb22e28e4142d0adeff53609a03ead8', '0x000000000000000000000000213c9062d6d00a06812b1de290c1a4a6cde17380']",0x00000000000000000000000000000000000000000000000000000007d4793dab0000000000000000000000000000000000000000000000000000000000000000
58282880,2024-06-17 20:03:00,0xf69c0e72e6650e606c8d1b5f6c21ff61bfbc4e30150def3284588d8a639471bd,28,88,"['0x804c9b842b2748a22bb64b345453a3de7ca54a6ca45ce00d415894979e22897a', '0x0000000000000000000000002791bca1f2de4661ed88a30c99a7a9449aa84174']",0x0000000000000000000000000000000000000000002f7b8a349c923511579f750000000000000000000000000000000000000000005ec4d151795cb3e21e63570000000000000000000000000000000000000000004b943b644a23ee125fc2c60000000000000000000000000000000000000000038c0010c3d3e2fc2e9ba987000000000000000000000000000000000000000003b181bdc5bee34ba8251f00
58282880,2024-06-17 20:03:00,0xf69c0e72e6650e606c8d1b5f6c21ff61bfbc4e30150def3284588d8a639471bd,28,92,"['0x3115d1449a7b732c986cba18244e897a450f61e1bb8d589cd2e69e6c8924f9f7', '0x0000000000000000000000002791bca1f2de4661ed88a30c99a7a9449aa84174', '0x000000000000000000000000db92b89ca415c0dab40dc96e99fc411c08f20780', '0x000000000000000000000000db92b89ca415c0dab40dc96e99fc411c08f20780']",0x00000000000000000000000000000000000000000000000000000004240bc199
58282921,2024-06-17 20:04:26,0x1880a1d8d70b36e904b6e7a992583c90aafa03089690cc6702e6c80ba262bbc5,14,67,"['0x804c9b842b2748a22bb64b345453a3de7ca54a6ca45ce00d415894979e22897a', '0x0000000000000000000000002791bca1f2de4661ed88a30c99a7a9449aa84174']",0x0000000000000000000000000000000000000000002f7b8a79c563c3af87cada0000000000000000000000000000000000000000005ec4d15427905f844965740000000000000000000000000000000000000000004b943b99e62d56bdbbed050000000000000000000000000000000000000000038c001a14842233139356ac000000000000000000000000000000000000000003b181cd364bcf931879110c
58282921,2024-06-17 20:04:26,0x1880a1d8d70b36e904b6e7a992583c90aafa03089690cc6702e6c80ba262bbc5,14,71,"['0x3115d1449a7b732c986cba18244e897a450f61e1bb8d589cd2e69e6c8924f9f7', '0x0000000000000000000000002791bca1f2de4661ed88a30c99a7a9449aa84174', '0x000000000000000000000000db92b89ca415c0dab40dc96e99fc411c08f20780', '0x000000000000000000000000db92b89ca415c0dab40dc96e99fc411c08f20780']",0x0000000000000000000000000000000000000000000000000000000000000007
58282978,2024-06-17 20:06:28,0x3c6c3b4c44ef675052960ac9a8ddb2d9d84408b63b92ad3e64a5c4ef1a41705d,1,15,"['0x804c9b842b2748a22bb64b345453a3de7ca54a6ca45ce00d415894979e22897a', '0x0000000000000000000000002791bca1f2de4661ed88a30c99a7a9449aa84174']",0x0000000000000000000000000000000000000000002f84f075b1f4163219ba360000000000000000000000000000000000000000005ec531962800d684e7417a0000000000000000000000000000000000000000004b9bc0c1eef6a2ca111d890000000000000000000000000000000000000000038c00274b72764b351e62b5000000000000000000000000000000000000000003b181e31d67911d8b841911
58282978,2024-06-17 20:06:28,0x3c6c3b4c44ef675052960ac9a8ddb2d9d84408b63b92ad3e64a5c4ef1a41705d,1,17,"['0xb3d084820fb1a9decffb176436bd02558d15fac9b0ddfed8c465bc7359d7dce0', '0x0000000000000000000000002791bca1f2de4661ed88a30c99a7a9449aa84174', '0x0000000000000000000000008706b0771cb22e28e4142d0adeff53609a03ead8', '0x0000000000000000000000000000000000000000000000000000000000000000']",0x000000000000000000000000213c9062d6d00a06812b1de290c1a4a6cde17380000000000000000000000000000000000000000000000000000000029dfd7d0900000000000000000000000000000000000000000000000000000000000000020000000000000000000000000000000000000000004b9bc0c1eef6a2ca111d89
58282978,2024-06-17 20:06:28,0xc8dae81d86c08359257720341ccac6e23f22b55988eb546c6f7a182610918ff5,2,37,"['0x804c9b842b2748a22bb64b345453a3de7ca54a6ca45ce00d415894979e22897a', '0x0000000000000000000000002791bca1f2de4661ed88a30c99a7a9449aa84174']",0x0000000000000000000000000000000000000000002f9a606b4b76ad555384820000000000000000000000000000000000000000005ec60d003b28abfceecdbd0000000000000000000000000000000000000000004bace50b6e13502aa812cd0000000000000000000000000000000000000000038c00274b72764b351e62b5000000000000000000000000000000000000000003b181e31d67911d8b841911
58282978,2024-06-17 20:06:28,0xc8dae81d86c08359257720341ccac6e23f22b55988eb546c6f7a182610918ff5,2,39,"['0xb3d084820fb1a9decffb176436bd02558d15fac9b0ddfed8c465bc7359d7dce0', '0x0000000000000000000000002791bca1f2de4661ed88a30c99a7a9449aa84174', '0x0000000000000000000000008706b0771cb22e28e4142d0adeff53609a03ead8', '0x0000000000000000000000000000000000000000000000000000000000000000']",0x000000000000000000000000213c9062d6d00a06812b1de290c1a4a6cde1738000000000000000000000000000000000000000000000000000000005f770ee8300000000000000000000000000000000000000000000000000000000000000020000000000000000000000000000000000000000004bace50b6e13502aa812cd
58282983,2024-06-17 20:06:38,0x9b98443fad0b6f6d07c8df025c27229d109fd8302ce9d12bb4fe72ddcc04b2f6,42,193,"['0x804c9b842b2748a22bb64b345453a3de7ca54a6ca45ce00d415894979e22897a', '0x0000000000000000000000002791bca1f2de4661ed88a30c99a7a9449aa84174']",0x0000000000000000000000000000000000000000002f8283479cd79ffc48c7020000000000000000000000000000000000000000005ec518bcf9ff076088a1830000000000000000000000000000000000000000004b99cfca56d273f2ac9e400000000000000000000000000000000000000000038c00286170a52d62b5ee23000000000000000000000000000000000000000003b181e4e996ea9560e118f5
58282983,2024-06-17 20:06:38,0x9b98443fad0b6f6d07c8df025c27229d109fd8302ce9d12bb4fe72ddcc04b2f6,42,196,"['0xa534c8dbe71f871f9f3530e97a74601fea17b426cae02e1c5aee42c96c784051', '0x0000000000000000000000002791bca1f2de4661ed88a30c99a7a9449aa84174', '0x0000000000000000000000008706b0771cb22e28e4142d0adeff53609a03ead8', '0x000000000000000000000000213c9062d6d00a06812b1de290c1a4a6cde17380']",0x00000000000000000000000000000000000000000000000000000006a46e1ca40000000000000000000000000000000000000000000000000000000000000000
58283066,2024-06-17 20:09:34,0xbad5c4a2d759f11602c698d60d6f58258349b7c24c5e9dd99571ff310005af0f,13,49,"['0x804c9b842b2748a22bb64b345453a3de7ca54a6ca45ce00d415894979e22897a', '0x0000000000000000000000002791bca1f2de4661ed88a30c99a7a9449aa84174']",0x0000000000000000000000000000000000000000002f8a899c7289916fcbae9a0000000000000000000000000000000000000000005ec56ae7892069535590980000000000000000000000000000000000000000004ba03b1d856e1aeaaf4bd90000000000000000000000000000000000000000038c003b7488bfe49d4c93a4000000000000000000000000000000000000000003b1820484de70a2fa9feb0e
58283066,2024-06-17 20:09:34,0xbad5c4a2d759f11602c698d60d6f58258349b7c24c5e9dd99571ff310005af0f,13,51,"['0xb3d084820fb1a9decffb176436bd02558d15fac9b0ddfed8c465bc7359d7dce0', '0x0000000000000000000000002791bca1f2de4661ed88a30c99a7a9449aa84174', '0x0000000000000000000000008706b0771cb22e28e4142d0adeff53609a03ead8', '0x0000000000000000000000000000000000000000000000000000000000000000']",0x000000000000000000000000213c9062d6d00a06812b1de290c1a4a6cde17380000000000000000000000000000000000000000000000000000000023bd8d8ba00000000000000000000000000000000000000000000000000000000000000020000000000000000000000000000000000000000004ba03b1d856e1aeaaf4bd9
58283070,2024-06-17 20:09:42,0x2717ce441ca2638c92c70221e465b23c1e64077e9e7582f5ac52cb7c0a30ee09,86,336,"['0x804c9b842b2748a22bb64b345453a3de7ca54a6ca45ce00d415894979e22897a', '0x0000000000000000000000002791bca1f2de4661ed88a30c99a7a9449aa84174']",0x0000000000000000000000000000000000000000002f8dfa484b075c95e605da0000000000000000000000000000000000000000005ec58e1ea8f952f31cd9320000000000000000000000000000000000000000004ba2fb6c02605b6640f7ef0000000000000000000000000000000000000000038c003c52a3b7ab3f88103e000000000000000000000000000000000000000003b18205f4c6c34c10eded78
58283070,2024-06-17 20:09:42,0x2717ce441ca2638c92c70221e465b23c1e64077e9e7582f5ac52cb7c0a30ee09,86,338,"['0xb3d084820fb1a9decffb176436bd02558d15fac9b0ddfed8c465bc7359d7dce0', '0x0000000000000000000000002791bca1f2de4661ed88a30c99a7a9449aa84174', '0x0000000000000000000000008706b0771cb22e28e4142d0adeff53609a03ead8', '0x0000000000000000000000000000000000000000000000000000000000000000']",0x000000000000000000000000213c9062d6d00a06812b1de290c1a4a6cde1738000000000000000000000000000000000000000000000000000000000f524983f00000000000000000000000000000000000000000000000000000000000000020000000000000000000000000000000000000000004ba2fb6c02605b6640f7ef
58283072,2024-06-17 20:09:48,0xdadd8bdea71cdd95272fa6bd081db902ebe791e235df5de3d88af15b3f05911f,98,331,"['0x804c9b842b2748a22bb64b345453a3de7ca54a6ca45ce00d415894979e22897a', '0x0000000000000000000000002791bca1f2de4661ed88a30c99a7a9449aa84174']",0x0000000000000000000000000000000000000000002f8283e05c33ac4d05ad5e0000000000000000000000000000000000000000005ec518c2e4f2ebbb8543600000000000000000000000000000000000000000004b99d040b1e04b0e69438a0000000000000000000000000000000000000000038c003cf943ff6f78493e2b000000000000000000000000000000000000000003b1820708bf0b6931d4dfd8
58283072,2024-06-17 20:09:48,0xdadd8bdea71cdd95272fa6bd081db902ebe791e235df5de3d88af15b3f05911f,98,334,"['0xa534c8dbe71f871f9f3530e97a74601fea17b426cae02e1c5aee42c96c784051', '0x0000000000000000000000002791bca1f2de4661ed88a30c99a7a9449aa84174', '0x0000000000000000000000008706b0771cb22e28e4142d0adeff53609a03ead8', '0x000000000000000000000000213c9062d6d00a06812b1de290c1a4a6cde17380']",0x0000000000000000000000000000000000000000000000000000000330fd70f80000000000000000000000000000000000000000000000000000000000000000
58283224,2024-06-17 20:15:10,0xd774a6bc2886d2987533eecd244f5158749c78cc1bf641524fcd822270d40293,12,36,"['0x804c9b842b2748a22bb64b345453a3de7ca54a6ca45ce00d415894979e22897a', '0x0000000000000000000000002791bca1f2de4661ed88a30c99a7a9449aa84174']",0x0000000000000000000000000000000000000000002f94586dfaabeb8b21a5780000000000000000000000000000000000000000005ec5cf4a0840be560027e30000000000000000000000000000000000000000004ba812cf73f4bf20031db30000000000000000000000000000000000000000038c005fdf1cf6c3a7d2a27d000000000000000000000000000000000000000003b18240dc1f530951d09485
58283224,2024-06-17 20:15:10,0xd774a6bc2886d2987533eecd244f5158749c78cc1bf641524fcd822270d40293,12,38,"['0xb3d084820fb1a9decffb176436bd02558d15fac9b0ddfed8c465bc7359d7dce0', '0x0000000000000000000000002791bca1f2de4661ed88a30c99a7a9449aa84174', '0x0000000000000000000000008706b0771cb22e28e4142d0adeff53609a03ead8', '0x0000000000000000000000000000000000000000000000000000000000000000']",0x000000000000000000000000213c9062d6d00a06812b1de290c1a4a6cde1738000000000000000000000000000000000000000000000000000000004f663030000000000000000000000000000000000000000000000000000000000000000020000000000000000000000000000000000000000004ba812cf73f4bf20031db3
58283227,2024-06-17 20:15:16,0xde7e4d8fece4a31f64aab528011e52b79169c17718f5fd34746786452c96c942,52,158,"['0x804c9b842b2748a22bb64b345453a3de7ca54a6ca45ce00d415894979e22897a', '0x0000000000000000000000002791bca1f2de4661ed88a30c99a7a9449aa84174']",0x0000000000000000000000000000000000000000002f853a369697d414696eee0000000000000000000000000000000000000000005ec53488d8809b46df12350000000000000000000000000000000000000000004b9bfbb7b8f201f16d6c1d0000000000000000000000000000000000000000038c006085d394ea18018ee5000000000000000000000000000000000000000003b18241f02a3feca23d940a
58283227,2024-06-17 20:15:16,0xde7e4d8fece4a31f64aab528011e52b79169c17718f5fd34746786452c96c942,52,161,"['0xa534c8dbe71f871f9f3530e97a74601fea17b426cae02e1c5aee42c96c784051', '0x0000000000000000000000002791bca1f2de4661ed88a30c99a7a9449aa84174', '0x0000000000000000000000008706b0771cb22e28e4142d0adeff53609a03ead8', '0x000000000000000000000000213c9062d6d00a06812b1de290c1a4a6cde17380']",0x00000000000000000000000000000000000000000000000000000004355286d90000000000000000000000000000000000000000000000000000000000000000
58283241,2024-06-17 20:15:46,0x8f01fe580519be971041be36a757c0a708e31114438d0cdc128fcf9fefa68f86,34,156,"['0x804c9b842b2748a22bb64b345453a3de7ca54a6ca45ce00d415894979e22897a', '0x0000000000000000000000002791bca1f2de4661ed88a30c99a7a9449aa84174']",0x0000000000000000000000000000000000000000002f970fd4488287aba69e930000000000000000000000000000000000000000005ec5eb15a47969ff3d374b0000000000000000000000000000000000000000004baa3eb7a8622858c851dd0000000000000000000000000000000000000000038c0063c65bd02824c0db22000000000000000000000000000000000000000003b18247538454d8f035e358
58283241,2024-06-17 20:15:46,0x8f01fe580519be971041be36a757c0a708e31114438d0cdc128fcf9fefa68f86,34,158,"['0xb3d084820fb1a9decffb176436bd02558d15fac9b0ddfed8c465bc7359d7dce0', '0x0000000000000000000000002791bca1f2de4661ed88a30c99a7a9449aa84174', '0x0000000000000000000000008706b0771cb22e28e4142d0adeff53609a03ead8', '0x0000000000000000000000000000000000000000000000000000000000000000']",0x000000000000000000000000213c9062d6d00a06812b1de290c1a4a6cde1738000000000000000000000000000000000000000000000000000000004f6c9be2c00000000000000000000000000000000000000000000000000000000000000020000000000000000000000000000000000000000004baa3eb7a8622858c851dd
58283248,2024-06-17 20:16:02,0x911485f24828bc13548b5a51a863a909100676460ccfe0e56db5462bc39847e5,26,77,"['0x804c9b842b2748a22bb64b345453a3de7ca54a6ca45ce00d415894979e22897a', '0x0000000000000000000000002791bca1f2de4661ed88a30c99a7a9449aa84174']",0x0000000000000000000000000000000000000000002f857c93f7614490265c9e0000000000000000000000000000000000000000005ec537305b3cd276a54a230000000000000000000000000000000000000000004b9c30cdefa651ace9caba0000000000000000000000000000000000000000038c00658306d96a94e7a9a5000000000000000000000000000000000000000003b1824a33b69dbf39e29d05
58283248,2024-06-17 20:16:02,0x911485f24828bc13548b5a51a863a909100676460ccfe0e56db5462bc39847e5,26,80,"['0xa534c8dbe71f871f9f3530e97a74601fea17b426cae02e1c5aee42c96c784051', '0x0000000000000000000000002791bca1f2de4661ed88a30c99a7a9449aa84174', '0x0000000000000000000000008706b0771cb22e28e4142d0adeff53609a03ead8', '0x000000000000000000000000213c9062d6d00a06812b1de290c1a4a6cde17380']",0x00000000000000000000000000000000000000000000000000000004e45955d50000000000000000000000000000000000000000000000000000000000000000
58283267,2024-06-17 20:16:42,0xc16f7e2730cce1ce55c5f88555fc8f05ef21bce6a3f0b8ebb48ffb9e879a3537,13,59,"['0x804c9b842b2748a22bb64b345453a3de7ca54a6ca45ce00d415894979e22897a', '0x0000000000000000000000002791bca1f2de4661ed88a30c99a7a9449aa84174']",0x0000000000000000000000000000000000000000002fa1974d75d5ecece796990000000000000000000000000000000000000000005ec656caf78237c33576330000000000000000000000000000000000000000004bb2a8e225123ba82d3c040000000000000000000000000000000000000000038c0069d917e767bea565f0000000000000000000000000000000000000000003b1825162de816cef46f653
58283267,2024-06-17 20:16:42,0xc16f7e2730cce1ce55c5f88555fc8f05ef21bce6a3f0b8ebb48ffb9e879a3537,13,61,"['0xb3d084820fb1a9decffb176436bd02558d15fac9b0ddfed8c465bc7359d7dce0', '0x0000000000000000000000002791bca1f2de4661ed88a30c99a7a9449aa84174', '0x0000000000000000000000008706b0771cb22e28e4142d0adeff53609a03ead8', '0x0000000000000000000000000000000000000000000000000000000000000000']",0x000000000000000000000000213c9062d6d00a06812b1de290c1a4a6cde1738000000000000000000000000000000000000000000000000000000007d21bb48700000000000000000000000000000000000000000000000000000000000000020000000000000000000000000000000000000000004bb2a8e225123ba82d3c04
58283272,2024-06-17 20:16:52,0xefa2add8411284013e5482015c87fed697f2131678f434812e199718b2455483,46,165,"['0x804c9b842b2748a22bb64b345453a3de7ca54a6ca45ce00d415894979e22897a', '0x0000000000000000000000002791bca1f2de4661ed88a30c99a7a9449aa84174']",0x0000000000000000000000000000000000000000002f8484392d7c35e83f10b00000000000000000000000000000000000000000005ec52d412e492f8e2f47590000000000000000000000000000000000000000004b9b6a1e6c9d9783b192fa0000000000000000000000000000000000000000038c006aef404c225953a7d3000000000000000000000000000000000000000003b182532f311f36caa9995d
58283272,2024-06-17 20:16:52,0xefa2add8411284013e5482015c87fed697f2131678f434812e199718b2455483,46,168,"['0xa534c8dbe71f871f9f3530e97a74601fea17b426cae02e1c5aee42c96c784051', '0x0000000000000000000000002791bca1f2de4661ed88a30c99a7a9449aa84174', '0x0000000000000000000000008706b0771cb22e28e4142d0adeff53609a03ead8', '0x000000000000000000000000213c9062d6d00a06812b1de290c1a4a6cde17380']",0x00000000000000000000000000000000000000000000000000000008174ec05c0000000000000000000000000000000000000000000000000000000000000000
58283302,2024-06-17 20:17:56,0x7464ec88365945d220a32e7ab06294ad7f0daddf2b18b255b2db369afcf9b225,9,42,"['0x804c9b842b2748a22bb64b345453a3de7ca54a6ca45ce00d415894979e22897a', '0x0000000000000000000000002791bca1f2de4661ed88a30c99a7a9449aa84174']",0x0000000000000000000000000000000000000000002f8b1f567dd6fa1fbcf6160000000000000000000000000000000000000000005ec570e3d2a9dc7098f6df0000000000000000000000000000000000000000004ba0b2d3442b1933f3495e0000000000000000000000000000000000000000038c0071df375e1ab2bd68da000000000000000000000000000000000000000003b1825eadb9465ef3624166
58283302,2024-06-17 20:17:56,0x7464ec88365945d220a32e7ab06294ad7f0daddf2b18b255b2db369afcf9b225,9,44,"['0xb3d084820fb1a9decffb176436bd02558d15fac9b0ddfed8c465bc7359d7dce0', '0x0000000000000000000000002791bca1f2de4661ed88a30c99a7a9449aa84174', '0x0000000000000000000000008706b0771cb22e28e4142d0adeff53609a03ead8', '0x0000000000000000000000000000000000000000000000000000000000000000']",0x000000000000000000000000213c9062d6d00a06812b1de290c1a4a6cde1738000000000000000000000000000000000000000000000000000000001d6c9423200000000000000000000000000000000000000000000000000000000000000020000000000000000000000000000000000000000004ba0b2d3442b1933f3495e
58283306,2024-06-17 20:18:04,0x770c190880bc95429ec7e6f9aacace16ccf017da0d587c8dd996c438c156411d,28,228,"['0x804c9b842b2748a22bb64b345453a3de7ca54a6ca45ce00d415894979e22897a', '0x0000000000000000000000002791bca1f2de4661ed88a30c99a7a9449aa84174']",0x0000000000000000000000000000000000000000002f8501b59cdbb12cb384960000000000000000000000000000000000000000005ec5324615c379fca94b770000000000000000000000000000000000000000004b9bce80822b682539e5520000000000000000000000000000000000000000038c0072bd551eb16ada05cc000000000000000000000000000000000000000003b182601da4027bc11481f5
58283306,2024-06-17 20:18:04,0x770c190880bc95429ec7e6f9aacace16ccf017da0d587c8dd996c438c156411d,28,231,"['0xa534c8dbe71f871f9f3530e97a74601fea17b426cae02e1c5aee42c96c784051', '0x0000000000000000000000002791bca1f2de4661ed88a30c99a7a9449aa84174', '0x0000000000000000000000008706b0771cb22e28e4142d0adeff53609a03ead8', '0x000000000000000000000000213c9062d6d00a06812b1de290c1a4a6cde17380']",0x00000000000000000000000000000000000000000000000000000001b3e80faf0000000000000000000000000000000000000000000000000000000000000000
58283398,2024-06-17 20:21:52,0xc51a653e0133e64051ff379dd845ec392c8c2fdca9d7c03e8b0355595b686bf6,15,68,"['0x804c9b842b2748a22bb64b345453a3de7ca54a6ca45ce00d415894979e22897a', '0x0000000000000000000000002791bca1f2de4661ed88a30c99a7a9449aa84174']",0x0000000000000000000000000000000000000000002f856d741b6ba6194402110000000000000000000000000000000000000000005ec5369521a44e2e2f36280000000000000000000000000000000000000000004b9c24ad6fbbfc03b03b130000000000000000000000000000000000000000038c008b7476c94f32c605b4000000000000000000000000000000000000000003b1828910a09e8e89227076
58283398,2024-06-17 20:21:52,0xc51a653e0133e64051ff379dd845ec392c8c2fdca9d7c03e8b0355595b686bf6,15,70,"['0xb3d084820fb1a9decffb176436bd02558d15fac9b0ddfed8c465bc7359d7dce0', '0x0000000000000000000000002791bca1f2de4661ed88a30c99a7a9449aa84174', '0x000000000000000000000000ca002d13e09ad15729f74f05cfa7f73bd88faa1e', '0x0000000000000000000000000000000000000000000000000000000000000000']",0x000000000000000000000000ca002d13e09ad15729f74f05cfa7f73bd88faa1e000000000000000000000000000000000000000000000000000000001dcd650000000000000000000000000000000000000000000000000000000000000000020000000000000000000000000000000000000000004b9c24ad6fbbfc03b03b13
58283401,2024-06-17 20:21:58,0xc521cd2844096cdd6b0d77044408e49b6749b9e3107f2e11307f606456808bc2,46,152,"['0x804c9b842b2748a22bb64b345453a3de7ca54a6ca45ce00d415894979e22897a', '0x0000000000000000000000002791bca1f2de4661ed88a30c99a7a9449aa84174']",0x0000000000000000000000000000000000000000002f898fa3293a52aed043590000000000000000000000000000000000000000005ec561eeafb0016de90f100000000000000000000000000000000000000000004b9f87ac88a5fcfe352d2c0000000000000000000000000000000000000000038c008c1af92a2bd7ba67bb000000000000000000000000000000000000000003b1828a2480191cd0bc785b
58283401,2024-06-17 20:21:58,0xc521cd2844096cdd6b0d77044408e49b6749b9e3107f2e11307f606456808bc2,46,157,"['0x3115d1449a7b732c986cba18244e897a450f61e1bb8d589cd2e69e6c8924f9f7', '0x0000000000000000000000002791bca1f2de4661ed88a30c99a7a9449aa84174', '0x000000000000000000000000c4aff49fced8ac1d818a6dcab063f9f97e66ec5e', '0x000000000000000000000000c4aff49fced8ac1d818a6dcab063f9f97e66ec5e']",0x000000000000000000000000000000000000000000000000000000016ec2ddfd
58283434,2024-06-17 20:23:08,0x7bd9e91dfa398b6491419d51aad816209d1b5f55d0352d73cddb774324d3c178,19,89,"['0x804c9b842b2748a22bb64b345453a3de7ca54a6ca45ce00d415894979e22897a', '0x0000000000000000000000002791bca1f2de4661ed88a30c99a7a9449aa84174']",0x0000000000000000000000000000000000000000002f9066ed15a256a9a3d5a50000000000000000000000000000000000000000005ec5a7f57c7e7c056cc84d0000000000000000000000000000000000000000004ba5003488c790d47fa5f80000000000000000000000000000000000000000038c0093b23de4350c904f6d000000000000000000000000000000000000000003b18296b794eff36cc6f7c5
58283434,2024-06-17 20:23:08,0x7bd9e91dfa398b6491419d51aad816209d1b5f55d0352d73cddb774324d3c178,19,91,"['0xb3d084820fb1a9decffb176436bd02558d15fac9b0ddfed8c465bc7359d7dce0', '0x0000000000000000000000002791bca1f2de4661ed88a30c99a7a9449aa84174', '0x0000000000000000000000008706b0771cb22e28e4142d0adeff53609a03ead8', '0x0000000000000000000000000000000000000000000000000000000000000000']",0x000000000000000000000000213c9062d6d00a06812b1de290c1a4a6cde1738000000000000000000000000000000000000000000000000000000001e757bcd600000000000000000000000000000000000000000000000000000000000000020000000000000000000000000000000000000000004ba5003488c790d47fa5f8
58283434,2024-06-17 20:23:08,0x07b7eb52510a7bcbe9234306c361f2fce0794ff1e807b835659af04022175177,22,121,"['0x804c9b842b2748a22bb64b345453a3de7ca54a6ca45ce00d415894979e22897a', '0x0000000000000000000000002791bca1f2de4661ed88a30c99a7a9449aa84174']",0x0000000000000000000000000000000000000000002f9886ce80e91a13c9e1d50000000000000000000000000000000000000000005ec5fb19067d973dc730830000000000000000000000000000000000000000004bab7efb50b5b13b8fca480000000000000000000000000000000000000000038c0093b23de4350c904f6d000000000000000000000000000000000000000003b18296b794eff36cc6f7c5
58283434,2024-06-17 20:23:08,0x07b7eb52510a7bcbe9234306c361f2fce0794ff1e807b835659af04022175177,22,123,"['0xb3d084820fb1a9decffb176436bd02558d15fac9b0ddfed8c465bc7359d7dce0', '0x0000000000000000000000002791bca1f2de4661ed88a30c99a7a9449aa84174', '0x0000000000000000000000008706b0771cb22e28e4142d0adeff53609a03ead8', '0x0000000000000000000000000000000000000000000000000000000000000000']",0x000000000000000000000000213c9062d6d00a06812b1de290c1a4a6cde173800000000000000000000000000000000000000000000000000000000242aa9f3500000000000000000000000000000000000000000000000000000000000000020000000000000000000000000000000000000000004bab7efb50b5b13b8fca48
58283436,2024-06-17 20:23:12,0x120dbde3091db5f63addbd82cd8a5747da4ef80bddc41b0a87aaecfee5b45df7,42,149,"['0x804c9b842b2748a22bb64b345453a3de7ca54a6ca45ce00d415894979e22897a', '0x0000000000000000000000002791bca1f2de4661ed88a30c99a7a9449aa84174']",0x0000000000000000000000000000000000000000002f890fe6498567ca23d0fe0000000000000000000000000000000000000000005ec55cd2d4283840d2f1940000000000000000000000000000000000000000004b9f217f620a45787adfa40000000000000000000000000000000000000000038c0094216c184f6b1be80a000000000000000000000000000000000000000003b182976fa49c7021ab28dd
58283436,2024-06-17 20:23:12,0x120dbde3091db5f63addbd82cd8a5747da4ef80bddc41b0a87aaecfee5b45df7,42,152,"['0xa534c8dbe71f871f9f3530e97a74601fea17b426cae02e1c5aee42c96c784051', '0x0000000000000000000000002791bca1f2de4661ed88a30c99a7a9449aa84174', '0x0000000000000000000000008706b0771cb22e28e4142d0adeff53609a03ead8', '0x000000000000000000000000213c9062d6d00a06812b1de290c1a4a6cde17380']",0x000000000000000000000000000000000000000000000000000000044da165880000000000000000000000000000000000000000000000000000000000000000
58283465,2024-06-17 20:24:14,0x244aafe2096d1059df5d5bb26df41e5c5d298d4c1947f74b90490a95a3920e5a,4,20,"['0x804c9b842b2748a22bb64b345453a3de7ca54a6ca45ce00d415894979e22897a', '0x0000000000000000000000002791bca1f2de4661ed88a30c99a7a9449aa84174']",0x0000000000000000000000000000000000000000003056a3fa4fdcda54d8d7650000000000000000000000000000000000000000005ecdbfa4a6375c10eed37c0000000000000000000000000000000000000000004c46d9e3cb3911baa885a00000000000000000000000000000000000000000038c009ada8854e7d3ee880b000000000000000000000000000000000000000003b182a292c56d048cd5625b
58283465,2024-06-17 20:24:14,0x244aafe2096d1059df5d5bb26df41e5c5d298d4c1947f74b90490a95a3920e5a,4,25,"['0x3115d1449a7b732c986cba18244e897a450f61e1bb8d589cd2e69e6c8924f9f7', '0x0000000000000000000000002791bca1f2de4661ed88a30c99a7a9449aa84174', '0x0000000000000000000000008290fda77c43437ab141d02ebc05f95bdd96e182', '0x0000000000000000000000008290fda77c43437ab141d02ebc05f95bdd96e182']",0x0000000000000000000000000000000000000000000000000000004654a09b8e
58283465,2024-06-17 20:24:14,0x244aafe2096d1059df5d5bb26df41e5c5d298d4c1947f74b90490a95a3920e5a,4,39,"['0x804c9b842b2748a22bb64b345453a3de7ca54a6ca45ce00d415894979e22897a', '0x0000000000000000000000002791bca1f2de4661ed88a30c99a7a9449aa84174']",0x0000000000000000000000000000000000000000002f89a71ce14cf99c210a3c0000000000000000000000000000000000000000005ec563046d603c39c44edb0000000000000000000000000000000000000000004b9f9d5f5a6a94eb5629140000000000000000000000000000000000000000038c009ada8854e7d3ee880b000000000000000000000000000000000000000003b182a292c56d048cd5625b
58283465,2024-06-17 20:24:14,0x244aafe2096d1059df5d5bb26df41e5c5d298d4c1947f74b90490a95a3920e5a,4,45,"['0x2b627736bca15cd5381dcf80b0bf11fd197d01a037c52b927a881a10fb73ba61', '0x0000000000000000000000002791bca1f2de4661ed88a30c99a7a9449aa84174', '0x0000000000000000000000008290fda77c43437ab141d02ebc05f95bdd96e182', '0x0000000000000000000000000000000000000000000000000000000000000000']",0x0000000000000000000000008290fda77c43437ab141d02ebc05f95bdd96e18200000000000000000000000000000000000000000000000000000046204c2606
58283552,2024-06-17 20:27:52,0x55e7167793c07272eeb1c8fe6225ce1e4fa4d0592e2f2713cebf0401ac8d9e2c,4,10,"['0x804c9b842b2748a22bb64b345453a3de7ca54a6ca45ce00d415894979e22897a', '0x0000000000000000000000002791bca1f2de4661ed88a30c99a7a9449aa84174']",0x0000000000000000000000000000000000000000002fa9859d5828882a3b296f0000000000000000000000000000000000000000005ec6a9101ff3a9992b390e0000000000000000000000000000000000000000004bb916494def205f60751e0000000000000000000000000000000000000000038c00b27e790d97a718ea71000000000000000000000000000000000000000003b182c9bbf5dde45f9051c1
58283552,2024-06-17 20:27:52,0x55e7167793c07272eeb1c8fe6225ce1e4fa4d0592e2f2713cebf0401ac8d9e2c,4,12,"['0xb3d084820fb1a9decffb176436bd02558d15fac9b0ddfed8c465bc7359d7dce0', '0x0000000000000000000000002791bca1f2de4661ed88a30c99a7a9449aa84174', '0x0000000000000000000000008706b0771cb22e28e4142d0adeff53609a03ead8', '0x0000000000000000000000000000000000000000000000000000000000000000']",0x000000000000000000000000213c9062d6d00a06812b1de290c1a4a6cde1738000000000000000000000000000000000000000000000000000000008dd1e2f3e00000000000000000000000000000000000000000000000000000000000000020000000000000000000000000000000000000000004bb916494def205f60751e
58283557,2024-06-17 20:28:02,0x5f6015757343dd6fbd9379c15950ddc1d2f296323d53fb7a6a84273c3de5357a,27,107,"['0x804c9b842b2748a22bb64b345453a3de7ca54a6ca45ce00d415894979e22897a', '0x0000000000000000000000002791bca1f2de4661ed88a30c99a7a9449aa84174']",0x0000000000000000000000000000000000000000002f8abdab8f988ae1d21ab70000000000000000000000000000000000000000005ec56e27f6b9ed28ed1cfc0000000000000000000000000000000000000000004ba07c26156c679a8643ba0000000000000000000000000000000000000000038c00b394cfd93ff984b673000000000000000000000000000000000000000003b182cb886fcc122df4b98a
58283557,2024-06-17 20:28:02,0x5f6015757343dd6fbd9379c15950ddc1d2f296323d53fb7a6a84273c3de5357a,27,110,"['0xa534c8dbe71f871f9f3530e97a74601fea17b426cae02e1c5aee42c96c784051', '0x0000000000000000000000002791bca1f2de4661ed88a30c99a7a9449aa84174', '0x0000000000000000000000008706b0771cb22e28e4142d0adeff53609a03ead8', '0x000000000000000000000000213c9062d6d00a06812b1de290c1a4a6cde17380']",0x000000000000000000000000000000000000000000000000000000088fc8aa850000000000000000000000000000000000000000000000000000000000000000
58283588,2024-06-17 20:29:08,0x7529fa1a6119bbb100717c1ad7658728585a963c619394711b072a6494f5f4cc,23,81,"['0x804c9b842b2748a22bb64b345453a3de7ca54a6ca45ce00d415894979e22897a', '0x0000000000000000000000002791bca1f2de4661ed88a30c99a7a9449aa84174']",0x0000000000000000000000000000000000000000002fac7de8bfaf6f74ea86260000000000000000000000000000000000000000005ec6c76c9464b9aeb672e80000000000000000000000000000000000000000004bbb758266c4620e40fa290000000000000000000000000000000000000000038c00babd371e52c642ae8e000000000000000000000000000000000000000003b182d763b937bb019c37ff
58283588,2024-06-17 20:29:08,0x7529fa1a6119bbb100717c1ad7658728585a963c619394711b072a6494f5f4cc,23,83,"['0xb3d084820fb1a9decffb176436bd02558d15fac9b0ddfed8c465bc7359d7dce0', '0x0000000000000000000000002791bca1f2de4661ed88a30c99a7a9449aa84174', '0x0000000000000000000000008706b0771cb22e28e4142d0adeff53609a03ead8', '0x0000000000000000000000000000000000000000000000000000000000000000']",0x000000000000000000000000213c9062d6d00a06812b1de290c1a4a6cde173800000000000000000000000000000000000000000000000000000000963092c7300000000000000000000000000000000000000000000000000000000000000020000000000000000000000000000000000000000004bbb758266c4620e40fa29
58283591,2024-06-17 20:29:14,0x4812db57a8867e415810a9c88e4211ae8d42a1c61f34607d3fc11753e463ce1e,45,118,"['0x804c9b842b2748a22bb64b345453a3de7ca54a6ca45ce00d415894979e22897a', '0x0000000000000000000000002791bca1f2de4661ed88a30c99a7a9449aa84174']",0x0000000000000000000000000000000000000000002f8c35b3074e48594a333c0000000000000000000000000000000000000000005ec57d315364d1870e00150000000000000000000000000000000000000000004ba1a8e152c63ef51801a00000000000000000000000000000000000000000038c00bb6442686db514770b000000000000000000000000000000000000000003b182d8780b0ba90541572f
58283591,2024-06-17 20:29:14,0x4812db57a8867e415810a9c88e4211ae8d42a1c61f34607d3fc11753e463ce1e,45,121,"['0xa534c8dbe71f871f9f3530e97a74601fea17b426cae02e1c5aee42c96c784051', '0x0000000000000000000000002791bca1f2de4661ed88a30c99a7a9449aa84174', '0x0000000000000000000000008706b0771cb22e28e4142d0adeff53609a03ead8', '0x000000000000000000000000213c9062d6d00a06812b1de290c1a4a6cde17380']",0x00000000000000000000000000000000000000000000000000000008fa70eb240000000000000000000000000000000000000000000000000000000000000000
58283655,2024-06-17 20:31:30,0x4fd9459c135dcc203f0ee7fe417b6f51a92e4d21b99ad3fdfd9805cc588470cb,8,55,"['0x804c9b842b2748a22bb64b345453a3de7ca54a6ca45ce00d415894979e22897a', '0x0000000000000000000000002791bca1f2de4661ed88a30c99a7a9449aa84174']",0x0000000000000000000000000000000000000000002f7b7c6cdddf9806bb7ef40000000000000000000000000000000000000000005ec4d1eef41c8779534ea40000000000000000000000000000000000000000004b9447b1e12075e28224ce0000000000000000000000000000000000000000038c00ca2493c01bd108fdac000000000000000000000000000000000000000003b182f0e6f478a282689783
58283655,2024-06-17 20:31:30,0x4fd9459c135dcc203f0ee7fe417b6f51a92e4d21b99ad3fdfd9805cc588470cb,8,58,"['0xa534c8dbe71f871f9f3530e97a74601fea17b426cae02e1c5aee42c96c784051', '0x0000000000000000000000002791bca1f2de4661ed88a30c99a7a9449aa84174', '0x000000000000000000000000caf744e0f6d8dbd082cf2f86028f2e1abfc7befb', '0x0000000000000000000000007211ec72499d0b31a938174c8f287a2bee7289fb']",0x00000000000000000000000000000000000000000000000000000004a817c8000000000000000000000000000000000000000000000000000000000000000000
58283706,2024-06-17 20:33:18,0x6b0ba796b87b1f7a2e2e7d90e907a9177ec97e34be3e363ba719885c7e6ea3b0,7,28,"['0x804c9b842b2748a22bb64b345453a3de7ca54a6ca45ce00d415894979e22897a', '0x0000000000000000000000002791bca1f2de4661ed88a30c99a7a9449aa84174']",0x0000000000000000000000000000000000000000002f68af93e14377a1bead9e0000000000000000000000000000000000000000005ec41142e733f988d09eee0000000000000000000000000000000000000000004b853a40def55f184c6aa20000000000000000000000000000000000000000038c00d5d74c5b2befbdcb28000000000000000000000000000000000000000003b183044aa8fc5e29b419df
58283706,2024-06-17 20:33:18,0x6b0ba796b87b1f7a2e2e7d90e907a9177ec97e34be3e363ba719885c7e6ea3b0,7,31,"['0xa534c8dbe71f871f9f3530e97a74601fea17b426cae02e1c5aee42c96c784051', '0x0000000000000000000000002791bca1f2de4661ed88a30c99a7a9449aa84174', '0x000000000000000000000000caf744e0f6d8dbd082cf2f86028f2e1abfc7befb', '0x0000000000000000000000007211ec72499d0b31a938174c8f287a2bee7289fb']",0x000000000000000000000000000000000000000000000000000000053d1ac1000000000000000000000000000000000000000000000000000000000000000000
58283807,2024-06-17 20:36:52,0x86809c96209585045e8a3c918318279309c6aab8cc9816f9479e41bdacc77074,15,47,"['0x804c9b842b2748a22bb64b345453a3de7ca54a6ca45ce00d415894979e22897a', '0x0000000000000000000000002791bca1f2de4661ed88a30c99a7a9449aa84174']",0x0000000000000000000000000000000000000000002f713ace514f3ab4eefb080000000000000000000000000000000000000000005ec468d744a971be53d6c60000000000000000000000000000000000000000004b8c11d82c22c3468cc7760000000000000000000000000000000000000000038c00ecfc1b2a55107f28ba000000000000000000000000000000000000000003b1832aae80b17f9d10e18f
58283807,2024-06-17 20:36:52,0x86809c96209585045e8a3c918318279309c6aab8cc9816f9479e41bdacc77074,15,49,"['0xb3d084820fb1a9decffb176436bd02558d15fac9b0ddfed8c465bc7359d7dce0', '0x0000000000000000000000002791bca1f2de4661ed88a30c99a7a9449aa84174', '0x0000000000000000000000008706b0771cb22e28e4142d0adeff53609a03ead8', '0x0000000000000000000000000000000000000000000000000000000000000000']",0x000000000000000000000000213c9062d6d00a06812b1de290c1a4a6cde17380000000000000000000000000000000000000000000000000000000026161165300000000000000000000000000000000000000000000000000000000000000020000000000000000000000000000000000000000004b8c11d82c22c3468cc776
58283811,2024-06-17 20:37:02,0x8abf30aeee02e7e724582fdd14595f30b6b5474ef44c8f3d63e99d7cc9123937,16,46,"['0x804c9b842b2748a22bb64b345453a3de7ca54a6ca45ce00d415894979e22897a', '0x0000000000000000000000002791bca1f2de4661ed88a30c99a7a9449aa84174']",0x0000000000000000000000000000000000000000002f6a9f141bbec8eb55bec20000000000000000000000000000000000000000005ec4251aa1b29a24b8509c0000000000000000000000000000000000000000004b86c71b70d9eb46664c300000000000000000000000000000000000000000038c00ee11294b2f7a38763a000000000000000000000000000000000000000003b1832c79e90ded63b15e14
58283811,2024-06-17 20:37:02,0x8abf30aeee02e7e724582fdd14595f30b6b5474ef44c8f3d63e99d7cc9123937,16,49,"['0xa534c8dbe71f871f9f3530e97a74601fea17b426cae02e1c5aee42c96c784051', '0x0000000000000000000000002791bca1f2de4661ed88a30c99a7a9449aa84174', '0x0000000000000000000000008706b0771cb22e28e4142d0adeff53609a03ead8', '0x000000000000000000000000213c9062d6d00a06812b1de290c1a4a6cde17380']",0x00000000000000000000000000000000000000000000000000000001d776726e0000000000000000000000000000000000000000000000000000000000000000
58283902,2024-06-17 20:40:46,0x9b61d14512a5f7298b6e099a92c48b1cc1fb3ae7299d058ba1f8cc18a5b16082,63,216,"['0x804c9b842b2748a22bb64b345453a3de7ca54a6ca45ce00d415894979e22897a', '0x0000000000000000000000002791bca1f2de4661ed88a30c99a7a9449aa84174']",0x0000000000000000000000000000000000000000002f6f28d7cd00ad87ddf0360000000000000000000000000000000000000000005ec454c04a1b6720d1289c0000000000000000000000000000000000000000004b8a800c9909eef8572c330000000000000000000000000000000000000000038c01064bd2262977ab54b9000000000000000000000000000000000000000003b18354a9d46304bbc35e6c
58283902,2024-06-17 20:40:46,0x9b61d14512a5f7298b6e099a92c48b1cc1fb3ae7299d058ba1f8cc18a5b16082,63,220,"['0x3115d1449a7b732c986cba18244e897a450f61e1bb8d589cd2e69e6c8924f9f7', '0x0000000000000000000000002791bca1f2de4661ed88a30c99a7a9449aa84174', '0x000000000000000000000000f6f3e2107ed07262a287512930f85625d6023923', '0x000000000000000000000000abc02266e32dba984bc324c04930dd6c9267811a']",0x000000000000000000000000000000000000000000000000000000019340a2af
58283998,2024-06-17 20:44:10,0xdcf1fa822bce3ba87ada169f43bd34e3eaa93af42b365f9adc4787593f4b2346,7,27,"['0x804c9b842b2748a22bb64b345453a3de7ca54a6ca45ce00d415894979e22897a', '0x0000000000000000000000002791bca1f2de4661ed88a30c99a7a9449aa84174']",0x0000000000000000000000000000000000000000002f6f729b7e77a61d4d16aa0000000000000000000000000000000000000000005ec457c6581830dd270b600000000000000000000000000000000000000000004b8abc85b0c9b1af0ce3800000000000000000000000000000000000000000038c011c5ec9286ae2c56a06000000000000000000000000000000000000000003b1837944fe8c1d65cede62
58283998,2024-06-17 20:44:10,0xdcf1fa822bce3ba87ada169f43bd34e3eaa93af42b365f9adc4787593f4b2346,7,31,"['0x3115d1449a7b732c986cba18244e897a450f61e1bb8d589cd2e69e6c8924f9f7', '0x0000000000000000000000002791bca1f2de4661ed88a30c99a7a9449aa84174', '0x000000000000000000000000db92b89ca415c0dab40dc96e99fc411c08f20780', '0x000000000000000000000000db92b89ca415c0dab40dc96e99fc411c08f20780']",0x0000000000000000000000000000000000000000000000000000000019639654
58284048,2024-06-17 20:45:58,0x7d6109109d909199e11f20c8c9ceed46a13e841bfd0d3579031068b64b250d59,3,21,"['0x804c9b842b2748a22bb64b345453a3de7ca54a6ca45ce00d415894979e22897a', '0x0000000000000000000000002791bca1f2de4661ed88a30c99a7a9449aa84174']",0x0000000000000000000000000000000000000000002f6f72f2679d51a7cd5cfb0000000000000000000000000000000000000000005ec457c9b7062effd518c40000000000000000000000000000000000000000004b8abcc91b618c64a5ef490000000000000000000000000000000000000000038c01280e8b8f9fbbb303d6000000000000000000000000000000000000000003b1838ca64312b691124db5
58284048,2024-06-17 20:45:58,0x7d6109109d909199e11f20c8c9ceed46a13e841bfd0d3579031068b64b250d59,3,25,"['0x3115d1449a7b732c986cba18244e897a450f61e1bb8d589cd2e69e6c8924f9f7', '0x0000000000000000000000002791bca1f2de4661ed88a30c99a7a9449aa84174', '0x000000000000000000000000db92b89ca415c0dab40dc96e99fc411c08f20780', '0x000000000000000000000000db92b89ca415c0dab40dc96e99fc411c08f20780']",0x00000000000000000000000000000000000000000000000000000000000000cb
58284090,2024-06-17 20:47:26,0x3bb3ca65632bafd5017b53aa65b5db73687a490ec3ffb4355aeb14578fc7054f,59,214,"['0x804c9b842b2748a22bb64b345453a3de7ca54a6ca45ce00d415894979e22897a', '0x0000000000000000000000002791bca1f2de4661ed88a30c99a7a9449aa84174']",0x0000000000000000000000000000000000000000002f6f732c077ecf23db7b620000000000000000000000000000000000000000005ec457cbeba8eb9962b7690000000000000000000000000000000000000000004b8abcf538184863b6542a0000000000000000000000000000000000000000038c013194469947ddb67591000000000000000000000000000000000000000003b1839c70c71c08fab41222
58284090,2024-06-17 20:47:26,0x3bb3ca65632bafd5017b53aa65b5db73687a490ec3ffb4355aeb14578fc7054f,59,219,"['0x2b627736bca15cd5381dcf80b0bf11fd197d01a037c52b927a881a10fb73ba61', '0x0000000000000000000000002791bca1f2de4661ed88a30c99a7a9449aa84174', '0x000000000000000000000000e468bdfb9ffb211a184dd7fbb798f3ad2eb3d672', '0x0000000000000000000000000000000000000000000000000000000000000000']",0x000000000000000000000000e468bdfb9ffb211a184dd7fbb798f3ad2eb3d67200000000000000000000000000000000000000000000000000000000000493e0
58284120,2024-06-17 20:48:48,0x745313aa33b836b7f42aa29e6def6eb5af7f7c092a5b9f4e44ff3bb896a9dcbf,22,217,"['0x804c9b842b2748a22bb64b345453a3de7ca54a6ca45ce00d415894979e22897a', '0x0000000000000000000000002791bca1f2de4661ed88a30c99a7a9449aa84174']",0x0000000000000000000000000000000000000000002f6f736e06d75146d32c270000000000000000000000000000000000000000005ec457ce7af2d33d39541b0000000000000000000000000000000000000000004b8abd2869de61307a92150000000000000000000000000000000000000000038c013a73cc4ab2baa63cb2000000000000000000000000000000000000000003b183ab27ab24430e6dc27d
58284120,2024-06-17 20:48:48,0x745313aa33b836b7f42aa29e6def6eb5af7f7c092a5b9f4e44ff3bb896a9dcbf,22,221,"['0x3115d1449a7b732c986cba18244e897a450f61e1bb8d589cd2e69e6c8924f9f7', '0x0000000000000000000000002791bca1f2de4661ed88a30c99a7a9449aa84174', '0x000000000000000000000000db92b89ca415c0dab40dc96e99fc411c08f20780', '0x000000000000000000000000db92b89ca415c0dab40dc96e99fc411c08f20780']",0x0000000000000000000000000000000000000000000000000000000000000176
58284132,2024-06-17 20:49:28,0x21a61acc30d3d276effbae0aa4dc57d319a13f3056241aab91a9b1f3b36e68e4,30,120,"['0x804c9b842b2748a22bb64b345453a3de7ca54a6ca45ce00d415894979e22897a', '0x0000000000000000000000002791bca1f2de4661ed88a30c99a7a9449aa84174']",0x0000000000000000000000000000000000000000002f821995501719d8a88a6a0000000000000000000000000000000000000000005ec516dfd8b653550073f40000000000000000000000000000000000000000004b99aa83bd24630c090efe0000000000000000000000000000000000000000038c013ec7db9f5c9b21dfb0000000000000000000000000000000000000000003b183b2552d35ec959985f8
58284132,2024-06-17 20:49:28,0x21a61acc30d3d276effbae0aa4dc57d319a13f3056241aab91a9b1f3b36e68e4,30,122,"['0xb3d084820fb1a9decffb176436bd02558d15fac9b0ddfed8c465bc7359d7dce0', '0x0000000000000000000000002791bca1f2de4661ed88a30c99a7a9449aa84174', '0x0000000000000000000000008706b0771cb22e28e4142d0adeff53609a03ead8', '0x0000000000000000000000000000000000000000000000000000000000000000']",0x000000000000000000000000213c9062d6d00a06812b1de290c1a4a6cde1738000000000000000000000000000000000000000000000000000000005318b618100000000000000000000000000000000000000000000000000000000000000020000000000000000000000000000000000000000004b99aa83bd24630c090efe
58284137,2024-06-17 20:49:38,0x75e515b1db1dadc5f9cd86f20b9fe1942a5a66e57c3db1b90fe6fd22206eb8be,36,120,"['0x804c9b842b2748a22bb64b345453a3de7ca54a6ca45ce00d415894979e22897a', '0x0000000000000000000000002791bca1f2de4661ed88a30c99a7a9449aa84174']",0x0000000000000000000000000000000000000000002f70ed23d385e8166afe920000000000000000000000000000000000000000005ec466edb165d7d5499cf30000000000000000000000000000000000000000004b8beb98aadabd11c042f20000000000000000000000000000000000000000038c013fdd4c5e26bcc4c0cf000000000000000000000000000000000000000003b183b420e882845064f305
58284137,2024-06-17 20:49:38,0x75e515b1db1dadc5f9cd86f20b9fe1942a5a66e57c3db1b90fe6fd22206eb8be,36,123,"['0xa534c8dbe71f871f9f3530e97a74601fea17b426cae02e1c5aee42c96c784051', '0x0000000000000000000000002791bca1f2de4661ed88a30c99a7a9449aa84174', '0x0000000000000000000000008706b0771cb22e28e4142d0adeff53609a03ead8', '0x000000000000000000000000213c9062d6d00a06812b1de290c1a4a6cde17380']",0x00000000000000000000000000000000000000000000000000000004c85bbe2d0000000000000000000000000000000000000000000000000000000000000000
58284152,2024-06-17 20:50:10,0x421b9584323a4fee51cfca9a2b269987d59489233f96ee11df92df94164caedc,9,56,"['0x804c9b842b2748a22bb64b345453a3de7ca54a6ca45ce00d415894979e22897a', '0x0000000000000000000000002791bca1f2de4661ed88a30c99a7a9449aa84174']",0x0000000000000000000000000000000000000000002f6037c96114d4f255787d0000000000000000000000000000000000000000005ec3bb9f3b7148418facad0000000000000000000000000000000000000000004b7e897773bf8587397d850000000000000000000000000000000000000000038c014353daa005ccab6b8c000000000000000000000000000000000000000003b183b9df013460689acd4b
58284152,2024-06-17 20:50:10,0x421b9584323a4fee51cfca9a2b269987d59489233f96ee11df92df94164caedc,9,59,"['0xa534c8dbe71f871f9f3530e97a74601fea17b426cae02e1c5aee42c96c784051', '0x0000000000000000000000002791bca1f2de4661ed88a30c99a7a9449aa84174', '0x000000000000000000000000caf744e0f6d8dbd082cf2f86028f2e1abfc7befb', '0x0000000000000000000000007211ec72499d0b31a938174c8f287a2bee7289fb']",0x00000000000000000000000000000000000000000000000000000004a817c8000000000000000000000000000000000000000000000000000000000000000000
58284166,2024-06-17 20:50:40,0xbce8352160b1f3a352cd7807c3837b028322f75e5d490f116ad92c36e3de4907,73,309,"['0x804c9b842b2748a22bb64b345453a3de7ca54a6ca45ce00d415894979e22897a', '0x0000000000000000000000002791bca1f2de4661ed88a30c99a7a9449aa84174']",0x0000000000000000000000000000000000000000002f615ecdb262117b55ae620000000000000000000000000000000000000000005ec3c770f2e7605a3a0cd90000000000000000000000000000000000000000004b7f75d9c8f967748900fd0000000000000000000000000000000000000000038c014691db47bc3e67cf8c000000000000000000000000000000000000000003b183bf40443b73e4eafe9c
58284166,2024-06-17 20:50:40,0xbce8352160b1f3a352cd7807c3837b028322f75e5d490f116ad92c36e3de4907,73,311,"['0xb3d084820fb1a9decffb176436bd02558d15fac9b0ddfed8c465bc7359d7dce0', '0x0000000000000000000000002791bca1f2de4661ed88a30c99a7a9449aa84174', '0x0000000000000000000000008706b0771cb22e28e4142d0adeff53609a03ead8', '0x0000000000000000000000000000000000000000000000000000000000000000']",0x000000000000000000000000213c9062d6d00a06812b1de290c1a4a6cde17380000000000000000000000000000000000000000000000000000000005238727600000000000000000000000000000000000000000000000000000000000000020000000000000000000000000000000000000000004b7f75d9c8f967748900fd
58284166,2024-06-17 20:50:40,0xa4098bb9a79f331c45df5e25f56f69046a29a4f17fb5f5784f6943094554c217,74,321,"['0x804c9b842b2748a22bb64b345453a3de7ca54a6ca45ce00d415894979e22897a', '0x0000000000000000000000002791bca1f2de4661ed88a30c99a7a9449aa84174']",0x0000000000000000000000000000000000000000002f721a9bd8d7e6b2f20f230000000000000000000000000000000000000000005ec472ff4b8e076c1143320000000000000000000000000000000000000000004b8cdcf8b5fe74d9593fee0000000000000000000000000000000000000000038c014691db47bc3e67cf8c000000000000000000000000000000000000000003b183bf40443b73e4eafe9c
58284166,2024-06-17 20:50:40,0xa4098bb9a79f331c45df5e25f56f69046a29a4f17fb5f5784f6943094554c217,74,323,"['0xb3d084820fb1a9decffb176436bd02558d15fac9b0ddfed8c465bc7359d7dce0', '0x0000000000000000000000002791bca1f2de4661ed88a30c99a7a9449aa84174', '0x0000000000000000000000008706b0771cb22e28e4142d0adeff53609a03ead8', '0x0000000000000000000000000000000000000000000000000000000000000000']",0x000000000000000000000000213c9062d6d00a06812b1de290c1a4a6cde1738000000000000000000000000000000000000000000000000000000004a9cd699100000000000000000000000000000000000000000000000000000000000000020000000000000000000000000000000000000000004b8cdcf8b5fe74d9593fee
58284166,2024-06-17 20:50:40,0x6bb322eb2da9eb29fc524482b86d4e1ebe36db2991b609eb1104d8dbd063e1d2,96,455,"['0x804c9b842b2748a22bb64b345453a3de7ca54a6ca45ce00d415894979e22897a', '0x0000000000000000000000002791bca1f2de4661ed88a30c99a7a9449aa84174']",0x0000000000000000000000000000000000000000002f935772de78ed58a8752e0000000000000000000000000000000000000000005ec5cfaa04b023919c4d7b0000000000000000000000000000000000000000004ba81a4f2ca8a7c8360d990000000000000000000000000000000000000000038c014691db47bc3e67cf8c000000000000000000000000000000000000000003b183bf40443b73e4eafe9c
58284166,2024-06-17 20:50:40,0x6bb322eb2da9eb29fc524482b86d4e1ebe36db2991b609eb1104d8dbd063e1d2,96,460,"['0x3115d1449a7b732c986cba18244e897a450f61e1bb8d589cd2e69e6c8924f9f7', '0x0000000000000000000000002791bca1f2de4661ed88a30c99a7a9449aa84174', '0x000000000000000000000000e3090207a2de94a856ea10a7e1bd36dd6145712b', '0x000000000000000000000000e3090207a2de94a856ea10a7e1bd36dd6145712b']",0x00000000000000000000000000000000000000000000000000000005be0e8285
58284166,2024-06-17 20:50:40,0x6bb322eb2da9eb29fc524482b86d4e1ebe36db2991b609eb1104d8dbd063e1d2,96,463,"['0x804c9b842b2748a22bb64b345453a3de7ca54a6ca45ce00d415894979e22897a', '0x0000000000000000000000002791bca1f2de4661ed88a30c99a7a9449aa84174']",0x0000000000000000000000000000000000000000002f82a7d8c7196fa3322b880000000000000000000000000000000000000000005ec520afa5ad041f43ba370000000000000000000000000000000000000000004b9a6ebfc06a32d94a8c530000000000000000000000000000000000000000038c015b8d1d8ba1981f39d2000000000000000000000000000000000000000003b183bf40443b73e4eafe9c
58284173,2024-06-17 20:50:54,0x56a620a2041160bac98b5e42118ed66ae8fabe624c064c0053386a7884d3f9cd,84,307,"['0x804c9b842b2748a22bb64b345453a3de7ca54a6ca45ce00d415894979e22897a', '0x0000000000000000000000002791bca1f2de4661ed88a30c99a7a9449aa84174']",0x0000000000000000000000000000000000000000002f7aaf6cbd8cdab5debb370000000000000000000000000000000000000000005ec4cf0b8641dad4e192ca0000000000000000000000000000000000000000004b940ded4c0af9099f77d00000000000000000000000000000000000000000038c015d118cc7c2749bf35a000000000000000000000000000000000000000003b183c1c3ea9cc445ebce51
58284173,2024-06-17 20:50:54,0x56a620a2041160bac98b5e42118ed66ae8fabe624c064c0053386a7884d3f9cd,84,310,"['0xa534c8dbe71f871f9f3530e97a74601fea17b426cae02e1c5aee42c96c784051', '0x0000000000000000000000002791bca1f2de4661ed88a30c99a7a9449aa84174', '0x0000000000000000000000008706b0771cb22e28e4142d0adeff53609a03ead8', '0x000000000000000000000000213c9062d6d00a06812b1de290c1a4a6cde17380']",0x0000000000000000000000000000000000000000000000000000000237ba30c30000000000000000000000000000000000000000000000000000000000000000
58284176,2024-06-17 20:51:02,0xcb7abace14b7644a99084e10a5e47dadf97e2d7e963a66ae30a3d171d098ed64,66,368,"['0x804c9b842b2748a22bb64b345453a3de7ca54a6ca45ce00d415894979e22897a', '0x0000000000000000000000002791bca1f2de4661ed88a30c99a7a9449aa84174']",0x0000000000000000000000000000000000000000002f7aaf732f218a58b820770000000000000000000000000000000000000000005ec4cf0bc63339e2369efb0000000000000000000000000000000000000000004b940df24ae66614446ba00000000000000000000000000000000000000000038c015def5df7088a7f253c000000000000000000000000000000000000000003b183c333985ff650359fc4
58284176,2024-06-17 20:51:02,0xcb7abace14b7644a99084e10a5e47dadf97e2d7e963a66ae30a3d171d098ed64,66,372,"['0x3115d1449a7b732c986cba18244e897a450f61e1bb8d589cd2e69e6c8924f9f7', '0x0000000000000000000000002791bca1f2de4661ed88a30c99a7a9449aa84174', '0x000000000000000000000000db92b89ca415c0dab40dc96e99fc411c08f20780', '0x000000000000000000000000db92b89ca415c0dab40dc96e99fc411c08f20780']",0x00000000000000000000000000000000000000000000000000000000000000f3
58284208,2024-06-17 20:52:10,0xd0c1f8f9b9453312053fa550eb8e295c3e5c312960a30c2c64954b83ecbf5143,75,255,"['0x804c9b842b2748a22bb64b345453a3de7ca54a6ca45ce00d415894979e22897a', '0x0000000000000000000000002791bca1f2de4661ed88a30c99a7a9449aa84174']",0x0000000000000000000000000000000000000000002f7ae714f78d0333b724160000000000000000000000000000000000000000005ec4d1537046144f19505c0000000000000000000000000000000000000000004b943b8b945f7695fa472e0000000000000000000000000000000000000000038c01654cd00ba8bfad0392000000000000000000000000000000000000000003b183cf68dd727af57fc020
58284208,2024-06-17 20:52:10,0xd0c1f8f9b9453312053fa550eb8e295c3e5c312960a30c2c64954b83ecbf5143,75,260,"['0x3115d1449a7b732c986cba18244e897a450f61e1bb8d589cd2e69e6c8924f9f7', '0x0000000000000000000000002791bca1f2de4661ed88a30c99a7a9449aa84174', '0x00000000000000000000000075ed20f31ca1253fdc433bcda6d13ad3db6adb64', '0x00000000000000000000000075ed20f31ca1253fdc433bcda6d13ad3db6adb64']",0x000000000000000000000000000000000000000000000000000000001335b259
58284242,2024-06-17 20:53:22,0xa2b718e25ffee149dfabc23de47eced360e94962840a55663a5487cee6bf56c8,11,38,"['0x804c9b842b2748a22bb64b345453a3de7ca54a6ca45ce00d415894979e22897a', '0x0000000000000000000000002791bca1f2de4661ed88a30c99a7a9449aa84174']",0x0000000000000000000000000000000000000000002f7ae74ee0066852e442c50000000000000000000000000000000000000000005ec4d155aedc7444e140b10000000000000000000000000000000000000000004b943bb8781ef5c9990dd60000000000000000000000000000000000000000038c016d1933eb6e3705038b000000000000000000000000000000000000000003b183dc560160713f0ea236
58284242,2024-06-17 20:53:22,0xa2b718e25ffee149dfabc23de47eced360e94962840a55663a5487cee6bf56c8,11,42,"['0x3115d1449a7b732c986cba18244e897a450f61e1bb8d589cd2e69e6c8924f9f7', '0x0000000000000000000000002791bca1f2de4661ed88a30c99a7a9449aa84174', '0x000000000000000000000000db92b89ca415c0dab40dc96e99fc411c08f20780', '0x000000000000000000000000db92b89ca415c0dab40dc96e99fc411c08f20780']",0x0000000000000000000000000000000000000000000000000000000000000110
58284267,2024-06-17 20:54:14,0x1b029648712b742dbbed394ab1f1f07899ad8d0355a975c3813b12f7241716b7,12,40,"['0x804c9b842b2748a22bb64b345453a3de7ca54a6ca45ce00d415894979e22897a', '0x0000000000000000000000002791bca1f2de4661ed88a30c99a7a9449aa84174']",0x0000000000000000000000000000000000000000003047d1f2f7799627121e240000000000000000000000000000000000000000005ecd2eaed12ccde57672010000000000000000000000000000000000000000004c3b86af2665f65540e8140000000000000000000000000000000000000000038c0172bb0a592f37575ce9000000000000000000000000000000000000000003b183e5abf0ca6db221953b
58284267,2024-06-17 20:54:14,0x1b029648712b742dbbed394ab1f1f07899ad8d0355a975c3813b12f7241716b7,12,45,"['0x3115d1449a7b732c986cba18244e897a450f61e1bb8d589cd2e69e6c8924f9f7', '0x0000000000000000000000002791bca1f2de4661ed88a30c99a7a9449aa84174', '0x0000000000000000000000008290fda77c43437ab141d02ebc05f95bdd96e182', '0x0000000000000000000000008290fda77c43437ab141d02ebc05f95bdd96e182']",0x00000000000000000000000000000000000000000000000000000046205cd22c
58284267,2024-06-17 20:54:14,0x1b029648712b742dbbed394ab1f1f07899ad8d0355a975c3813b12f7241716b7,12,59,"['0x804c9b842b2748a22bb64b345453a3de7ca54a6ca45ce00d415894979e22897a', '0x0000000000000000000000002791bca1f2de4661ed88a30c99a7a9449aa84174']",0x0000000000000000000000000000000000000000002f7abb577d79095ecf64940000000000000000000000000000000000000000005ec4cf883833193379140f0000000000000000000000000000000000000000004b9417ab32e3d86d7591230000000000000000000000000000000000000000038c0172bb0a592f37575ce9000000000000000000000000000000000000000003b183e5abf0ca6db221953b
58284267,2024-06-17 20:54:14,0x1b029648712b742dbbed394ab1f1f07899ad8d0355a975c3813b12f7241716b7,12,65,"['0x2b627736bca15cd5381dcf80b0bf11fd197d01a037c52b927a881a10fb73ba61', '0x0000000000000000000000002791bca1f2de4661ed88a30c99a7a9449aa84174', '0x0000000000000000000000008290fda77c43437ab141d02ebc05f95bdd96e182', '0x0000000000000000000000000000000000000000000000000000000000000000']",0x0000000000000000000000008290fda77c43437ab141d02ebc05f95bdd96e182000000000000000000000000000000000000000000000000000000462fa8c695
58284686,2024-06-17 21:10:06,0x2d32bb326cf75c23ac082f592eb02bbee53b2f8096fcfc5051337f548357742e,108,566,"['0x804c9b842b2748a22bb64b345453a3de7ca54a6ca45ce00d415894979e22897a', '0x0000000000000000000000002791bca1f2de4661ed88a30c99a7a9449aa84174']",0x0000000000000000000000000000000000000000002f810ef10185ad51d4a9a20000000000000000000000000000000000000000005ec510556d79e1788d85680000000000000000000000000000000000000000004b9927b35c6b7dd30e6c270000000000000000000000000000000000000000038c01d9d763a9c8dfb8958f000000000000000000000000000000000000000003b1849095e25d485fa6ef4b
58284686,2024-06-17 21:10:06,0x2d32bb326cf75c23ac082f592eb02bbee53b2f8096fcfc5051337f548357742e,108,568,"['0xb3d084820fb1a9decffb176436bd02558d15fac9b0ddfed8c465bc7359d7dce0', '0x0000000000000000000000002791bca1f2de4661ed88a30c99a7a9449aa84174', '0x0000000000000000000000008706b0771cb22e28e4142d0adeff53609a03ead8', '0x0000000000000000000000000000000000000000000000000000000000000000']",0x000000000000000000000000213c9062d6d00a06812b1de290c1a4a6cde1738000000000000000000000000000000000000000000000000000000001c1cfb45000000000000000000000000000000000000000000000000000000000000000020000000000000000000000000000000000000000004b9927b35c6b7dd30e6c27
58284688,2024-06-17 21:10:14,0x6c87203466deecf8943a0d4a72d889494403d684f5061201f16c4b1592546874,145,678,"['0x804c9b842b2748a22bb64b345453a3de7ca54a6ca45ce00d415894979e22897a', '0x0000000000000000000000002791bca1f2de4661ed88a30c99a7a9449aa84174']",0x0000000000000000000000000000000000000000002f7d09c49bede743f0b2ee0000000000000000000000000000000000000000005ec4e727bc7725d09af4100000000000000000000000000000000000000000004b95f0218834d4b41b112e0000000000000000000000000000000000000000038c01dab552bdcc9112f8ac000000000000000000000000000000000000000003b1849205a94157f6cc742a
58284688,2024-06-17 21:10:14,0x6c87203466deecf8943a0d4a72d889494403d684f5061201f16c4b1592546874,145,681,"['0xa534c8dbe71f871f9f3530e97a74601fea17b426cae02e1c5aee42c96c784051', '0x0000000000000000000000002791bca1f2de4661ed88a30c99a7a9449aa84174', '0x0000000000000000000000008706b0771cb22e28e4142d0adeff53609a03ead8', '0x000000000000000000000000213c9062d6d00a06812b1de290c1a4a6cde17380']",0x000000000000000000000000000000000000000000000000000000011e5a8b9c0000000000000000000000000000000000000000000000000000000000000000
58284896,2024-06-17 21:17:36,0xd379444f945f0a447f4c2798f59c047e114497782a42004b5c56970079d22bca,69,291,"['0x804c9b842b2748a22bb64b345453a3de7ca54a6ca45ce00d415894979e22897a', '0x0000000000000000000000002791bca1f2de4661ed88a30c99a7a9449aa84174']",0x0000000000000000000000000000000000000000002f9b13afdd2e02e0543e020000000000000000000000000000000000000000005ec61aa983a07735e4c3ad0000000000000000000000000000000000000000004badf645176f309ddf49870000000000000000000000000000000000000000038c020a971e274de84e6dcb000000000000000000000000000000000000000003b184e161f8aaa1498994f0
58284896,2024-06-17 21:17:36,0xd379444f945f0a447f4c2798f59c047e114497782a42004b5c56970079d22bca,69,293,"['0xb3d084820fb1a9decffb176436bd02558d15fac9b0ddfed8c465bc7359d7dce0', '0x0000000000000000000000002791bca1f2de4661ed88a30c99a7a9449aa84174', '0x0000000000000000000000008706b0771cb22e28e4142d0adeff53609a03ead8', '0x0000000000000000000000000000000000000000000000000000000000000000']",0x000000000000000000000000213c9062d6d00a06812b1de290c1a4a6cde173800000000000000000000000000000000000000000000000000000000859f8452100000000000000000000000000000000000000000000000000000000000000020000000000000000000000000000000000000000004badf645176f309ddf4987
58284901,2024-06-17 21:17:46,0x6bc6f85713f2cb4a4794e58e22ca64bd2863743f8185078cccfa0a7176ffcb3e,34,207,"['0x804c9b842b2748a22bb64b345453a3de7ca54a6ca45ce00d415894979e22897a', '0x0000000000000000000000002791bca1f2de4661ed88a30c99a7a9449aa84174']",0x0000000000000000000000000000000000000000002f7e7897100d5369ea9a2f0000000000000000000000000000000000000000005ec4f5d4cc5fc797e3e3950000000000000000000000000000000000000000004b9715a6c6617845cdc7a60000000000000000000000000000000000000000038c020bad21010d88110aa1000000000000000000000000000000000000000003b184e32e2ff68f67fd0974
58284901,2024-06-17 21:17:46,0x6bc6f85713f2cb4a4794e58e22ca64bd2863743f8185078cccfa0a7176ffcb3e,34,210,"['0xa534c8dbe71f871f9f3530e97a74601fea17b426cae02e1c5aee42c96c784051', '0x0000000000000000000000002791bca1f2de4661ed88a30c99a7a9449aa84174', '0x0000000000000000000000008706b0771cb22e28e4142d0adeff53609a03ead8', '0x000000000000000000000000213c9062d6d00a06812b1de290c1a4a6cde17380']",0x00000000000000000000000000000000000000000000000000000007f44c53e10000000000000000000000000000000000000000000000000000000000000000
58284979,2024-06-17 21:21:04,0xad47cbce023606479132e6f3dcfed5d565ef540646b3012b9dccf33cd5d76b96,21,70,"['0x804c9b842b2748a22bb64b345453a3de7ca54a6ca45ce00d415894979e22897a', '0x0000000000000000000000002791bca1f2de4661ed88a30c99a7a9449aa84174']",0x0000000000000000000000000000000000000000002f7e664a91e1445cc1edea0000000000000000000000000000000000000000005ec4f514735cf26e7b9e960000000000000000000000000000000000000000004b97069fd228d109a863ae0000000000000000000000000000000000000000038c022120d432ac8899529d000000000000000000000000000000000000000003b18506bbb4f5431880a051
58284979,2024-06-17 21:21:04,0xad47cbce023606479132e6f3dcfed5d565ef540646b3012b9dccf33cd5d76b96,21,76,"['0x2b627736bca15cd5381dcf80b0bf11fd197d01a037c52b927a881a10fb73ba61', '0x0000000000000000000000002791bca1f2de4661ed88a30c99a7a9449aa84174', '0x0000000000000000000000003d3641378b389639ec8e45e90059497c1b03d19e', '0x0000000000000000000000000000000000000000000000000000000000000000']",0x0000000000000000000000003d3641378b389639ec8e45e90059497c1b03d19e00000000000000000000000000000000000000000000000000000000068e7780
58285009,2024-06-17 21:22:08,0xee960accf53d6cf00ec7d4c5b6137fa471509544c315c4df0bf053004875a056,55,205,"['0x804c9b842b2748a22bb64b345453a3de7ca54a6ca45ce00d415894979e22897a', '0x0000000000000000000000002791bca1f2de4661ed88a30c99a7a9449aa84174']",0x0000000000000000000000000000000000000000002f7d0a5c617a8d4f7d41e10000000000000000000000000000000000000000005ec4e6d1b8847a4f71e2e20000000000000000000000000000000000000000004b95e969393f6e9ce5b9a90000000000000000000000000000000000000000038c02280fe9feca6f134292000000000000000000000000000000000000000003b18512399ab71ffb54bc63
58285009,2024-06-17 21:22:08,0xee960accf53d6cf00ec7d4c5b6137fa471509544c315c4df0bf053004875a056,55,210,"['0x2b627736bca15cd5381dcf80b0bf11fd197d01a037c52b927a881a10fb73ba61', '0x0000000000000000000000002791bca1f2de4661ed88a30c99a7a9449aa84174', '0x000000000000000000000000a783f9ff9b48a3139c01d2885007f4f5b3623cd0', '0x0000000000000000000000000000000000000000000000000000000000000000']",0x000000000000000000000000a783f9ff9b48a3139c01d2885007f4f5b3623cd00000000000000000000000000000000000000000000000000000000078a5dfc8
58285069,2024-06-17 21:24:14,0xdd09ba02aedc8fe3f27da894b5c9cd3c73444d2db95fe049c1ddec4017f8e1bc,19,77,"['0x804c9b842b2748a22bb64b345453a3de7ca54a6ca45ce00d415894979e22897a', '0x0000000000000000000000002791bca1f2de4661ed88a30c99a7a9449aa84174']",0x000000000000000000000000000000000000000000304a2877e06cf91847ddfe0000000000000000000000000000000000000000005ecd460dcce74e2dbbf56d0000000000000000000000000000000000000000004c3d5a1ad0f7fbfaaf2c870000000000000000000000000000000000000000038c0235b63901cfb2673071000000000000000000000000000000000000000003b18528d92217a1da624c0e
58285069,2024-06-17 21:24:14,0xdd09ba02aedc8fe3f27da894b5c9cd3c73444d2db95fe049c1ddec4017f8e1bc,19,82,"['0x3115d1449a7b732c986cba18244e897a450f61e1bb8d589cd2e69e6c8924f9f7', '0x0000000000000000000000002791bca1f2de4661ed88a30c99a7a9449aa84174', '0x0000000000000000000000008290fda77c43437ab141d02ebc05f95bdd96e182', '0x0000000000000000000000008290fda77c43437ab141d02ebc05f95bdd96e182']",0x000000000000000000000000000000000000000000000000000000462fb7d8e0
58285069,2024-06-17 21:24:14,0xdd09ba02aedc8fe3f27da894b5c9cd3c73444d2db95fe049c1ddec4017f8e1bc,19,100,"['0x804c9b842b2748a22bb64b345453a3de7ca54a6ca45ce00d415894979e22897a', '0x0000000000000000000000002791bca1f2de4661ed88a30c99a7a9449aa84174']",0x0000000000000000000000000000000000000000002f7d769a027c0f68a37dea0000000000000000000000000000000000000000005ec4eb4137e512c3ef55870000000000000000000000000000000000000000004b96421f2ccb57b6b2ae890000000000000000000000000000000000000000038c0235b63901cfb2673071000000000000000000000000000000000000000003b18528d92217a1da624c0e
58285069,2024-06-17 21:24:14,0xdd09ba02aedc8fe3f27da894b5c9cd3c73444d2db95fe049c1ddec4017f8e1bc,19,106,"['0x2b627736bca15cd5381dcf80b0bf11fd197d01a037c52b927a881a10fb73ba61', '0x0000000000000000000000002791bca1f2de4661ed88a30c99a7a9449aa84174', '0x0000000000000000000000008290fda77c43437ab141d02ebc05f95bdd96e182', '0x0000000000000000000000000000000000000000000000000000000000000000']",0x0000000000000000000000008290fda77c43437ab141d02ebc05f95bdd96e182000000000000000000000000000000000000000000000000000000460a5760fe
58285232,2024-06-17 21:30:02,0x6ea66ed93c02a92b76d4191beaf3f8b7fb9bbf9cc2818edb48d0898ef1af3226,50,126,"['0x804c9b842b2748a22bb64b345453a3de7ca54a6ca45ce00d415894979e22897a', '0x0000000000000000000000002791bca1f2de4661ed88a30c99a7a9449aa84174']",0x0000000000000000000000000000000000000000002f843741221f74d785ae0a0000000000000000000000000000000000000000005ec53069d194d3697fcc7e0000000000000000000000000000000000000000004b9ba94b2e8664a5fbf9db0000000000000000000000000000000000000000038c025b69821aff0bbaabc6000000000000000000000000000000000000000003b185675514e5cb5fd298f7
58285232,2024-06-17 21:30:02,0x6ea66ed93c02a92b76d4191beaf3f8b7fb9bbf9cc2818edb48d0898ef1af3226,50,128,"['0xb3d084820fb1a9decffb176436bd02558d15fac9b0ddfed8c465bc7359d7dce0', '0x0000000000000000000000002791bca1f2de4661ed88a30c99a7a9449aa84174', '0x0000000000000000000000008706b0771cb22e28e4142d0adeff53609a03ead8', '0x0000000000000000000000000000000000000000000000000000000000000000']",0x000000000000000000000000213c9062d6d00a06812b1de290c1a4a6cde1738000000000000000000000000000000000000000000000000000000001e0a4753400000000000000000000000000000000000000000000000000000000000000020000000000000000000000000000000000000000004b9ba94b2e8664a5fbf9db
58285238,2024-06-17 21:30:14,0x3a36ea7d0bd93ea12dc3c5ab568250ea6854a535b9cb846aa160b5133e4e313e,48,183,"['0x804c9b842b2748a22bb64b345453a3de7ca54a6ca45ce00d415894979e22897a', '0x0000000000000000000000002791bca1f2de4661ed88a30c99a7a9449aa84174']",0x0000000000000000000000000000000000000000002f7e65b30f08c3b9a382180000000000000000000000000000000000000000005ec4f4d20430a951aa85c50000000000000000000000000000000000000000004b97016f22b31ac95273640000000000000000000000000000000000000000038c025cb67f090dc399d25a000000000000000000000000000000000000000003b185697cd2035264cf223d
58285238,2024-06-17 21:30:14,0x3a36ea7d0bd93ea12dc3c5ab568250ea6854a535b9cb846aa160b5133e4e313e,48,186,"['0xa534c8dbe71f871f9f3530e97a74601fea17b426cae02e1c5aee42c96c784051', '0x0000000000000000000000002791bca1f2de4661ed88a30c99a7a9449aa84174', '0x0000000000000000000000008706b0771cb22e28e4142d0adeff53609a03ead8', '0x000000000000000000000000213c9062d6d00a06812b1de290c1a4a6cde17380']",0x000000000000000000000000000000000000000000000000000000019e6d3c030000000000000000000000000000000000000000000000000000000000000000
58285430,2024-06-17 21:37:02,0xdfe428e429d01546d9f1647aef42d69c71415c5ea9f182bda003b43333841ce0,49,451,"['0x804c9b842b2748a22bb64b345453a3de7ca54a6ca45ce00d415894979e22897a', '0x0000000000000000000000002791bca1f2de4661ed88a30c99a7a9449aa84174']",0x0000000000000000000000000000000000000000002f7ebcfb446f532d9e9dae0000000000000000000000000000000000000000005ec4f8650baed5af826e4c0000000000000000000000000000000000000000004b9748ebb88e921e309de90000000000000000000000000000000000000000038c0288eaac57dd11ec841e000000000000000000000000000000000000000003b185b2bf6fbadf1c8421c4
58285430,2024-06-17 21:37:02,0xdfe428e429d01546d9f1647aef42d69c71415c5ea9f182bda003b43333841ce0,49,456,"['0x3115d1449a7b732c986cba18244e897a450f61e1bb8d589cd2e69e6c8924f9f7', '0x0000000000000000000000002791bca1f2de4661ed88a30c99a7a9449aa84174', '0x000000000000000000000000c4aff49fced8ac1d818a6dcab063f9f97e66ec5e', '0x000000000000000000000000c4aff49fced8ac1d818a6dcab063f9f97e66ec5e']",0x000000000000000000000000000000000000000000000000000000001dcd6500
58285500,2024-06-17 21:39:30,0xd85bdb5fcbc1c0ceee8c3eab03e8c9d85f7fd1a9fa6ef4f4bac889a71ad5035f,54,248,"['0x804c9b842b2748a22bb64b345453a3de7ca54a6ca45ce00d415894979e22897a', '0x0000000000000000000000002791bca1f2de4661ed88a30c99a7a9449aa84174']",0x0000000000000000000000000000000000000000002f7eac3ef10061f5e625e20000000000000000000000000000000000000000005ec4f7b530d48dde5918230000000000000000000000000000000000000000004b973b2e9f80f5c6f5e2bf0000000000000000000000000000000000000000038c0298f3add9bc120db600000000000000000000000000000000000000000003b185cd52af65d941fec88b
58285500,2024-06-17 21:39:30,0xd85bdb5fcbc1c0ceee8c3eab03e8c9d85f7fd1a9fa6ef4f4bac889a71ad5035f,54,253,"['0x2b627736bca15cd5381dcf80b0bf11fd197d01a037c52b927a881a10fb73ba61', '0x0000000000000000000000002791bca1f2de4661ed88a30c99a7a9449aa84174', '0x000000000000000000000000d6d217020120ad8cd20e352b89054a0e18bf95d4', '0x0000000000000000000000000000000000000000000000000000000000000000']",0x000000000000000000000000d6d217020120ad8cd20e352b89054a0e18bf95d40000000000000000000000000000000000000000000000000000000005f5e100
58285916,2024-06-17 21:54:14,0x268b03d3087d772daf9bf3987ef79f6446579f6ca69c615742ab05382ffbb966,9,28,"['0x804c9b842b2748a22bb64b345453a3de7ca54a6ca45ce00d415894979e22897a', '0x0000000000000000000000002791bca1f2de4661ed88a30c99a7a9449aa84174']",0x000000000000000000000000000000000000000000304b66da3236d0c67dc86a0000000000000000000000000000000000000000005ecd52beea08b4e023dcab0000000000000000000000000000000000000000004c3e57f1179401eacd3d630000000000000000000000000000000000000000038c02f8baa4a252a23a74f8000000000000000000000000000000000000000003b1866c0e40fbda6819ce1d
58285916,2024-06-17 21:54:14,0x268b03d3087d772daf9bf3987ef79f6446579f6ca69c615742ab05382ffbb966,9,33,"['0x3115d1449a7b732c986cba18244e897a450f61e1bb8d589cd2e69e6c8924f9f7', '0x0000000000000000000000002791bca1f2de4661ed88a30c99a7a9449aa84174', '0x0000000000000000000000008290fda77c43437ab141d02ebc05f95bdd96e182', '0x0000000000000000000000008290fda77c43437ab141d02ebc05f95bdd96e182']",0x000000000000000000000000000000000000000000000000000000460a666bfa
58285916,2024-06-17 21:54:14,0x268b03d3087d772daf9bf3987ef79f6446579f6ca69c615742ab05382ffbb966,9,47,"['0x804c9b842b2748a22bb64b345453a3de7ca54a6ca45ce00d415894979e22897a', '0x0000000000000000000000002791bca1f2de4661ed88a30c99a7a9449aa84174']",0x0000000000000000000000000000000000000000002f7f194bfa51c31c5756a20000000000000000000000000000000000000000005ec4fc2bbfa90bca7c81bf0000000000000000000000000000000000000000004b979471c81acc39ba22ef0000000000000000000000000000000000000000038c02f8baa4a252a23a74f8000000000000000000000000000000000000000003b1866c0e40fbda6819ce1d
58285916,2024-06-17 21:54:14,0x268b03d3087d772daf9bf3987ef79f6446579f6ca69c615742ab05382ffbb966,9,53,"['0x2b627736bca15cd5381dcf80b0bf11fd197d01a037c52b927a881a10fb73ba61', '0x0000000000000000000000002791bca1f2de4661ed88a30c99a7a9449aa84174', '0x0000000000000000000000008290fda77c43437ab141d02ebc05f95bdd96e182', '0x0000000000000000000000000000000000000000000000000000000000000000']",0x0000000000000000000000008290fda77c43437ab141d02ebc05f95bdd96e18200000000000000000000000000000000000000000000000000000045e592cf38
58285997,2024-06-17 21:57:06,0xb126c8ea5a3343ec625b3e0a4976ba832693e620da211602a98ab5a1aae66f41,31,237,"['0x804c9b842b2748a22bb64b345453a3de7ca54a6ca45ce00d415894979e22897a', '0x0000000000000000000000002791bca1f2de4661ed88a30c99a7a9449aa84174']",0x0000000000000000000000000000000000000000002f83490e68c37e82cb1e310000000000000000000000000000000000000000005ec5270c6e6d079e40d47c0000000000000000000000000000000000000000004b9aedff6f6a78c510999d0000000000000000000000000000000000000000038c030b5d79e00390582d6b000000000000000000000000000000000000000003b1868af0e063a4cedbd3d7
58285997,2024-06-17 21:57:06,0xb126c8ea5a3343ec625b3e0a4976ba832693e620da211602a98ab5a1aae66f41,31,239,"['0xb3d084820fb1a9decffb176436bd02558d15fac9b0ddfed8c465bc7359d7dce0', '0x0000000000000000000000002791bca1f2de4661ed88a30c99a7a9449aa84174', '0x00000000000000000000000087a9cdd1fdaff1b9bb255e0b19292172eac30851', '0x0000000000000000000000000000000000000000000000000000000000000000']",0x00000000000000000000000087a9cdd1fdaff1b9bb255e0b19292172eac30851000000000000000000000000000000000000000000000000000000012a05f20000000000000000000000000000000000000000000000000000000000000000020000000000000000000000000000000000000000004b9aedff6f6a78c510999d
58286160,2024-06-17 22:03:26,0x73c8a2c1a6e8b6264eb9774aad66e7ae2ca8e66c3c9179e00c3553d447ae1f6b,30,132,"['0x804c9b842b2748a22bb64b345453a3de7ca54a6ca45ce00d415894979e22897a', '0x0000000000000000000000002791bca1f2de4661ed88a30c99a7a9449aa84174']",0x0000000000000000000000000000000000000000002f90ab2912ba2928fad8720000000000000000000000000000000000000000005ec5b01075f237ce5ba07b0000000000000000000000000000000000000000004ba5a25005d23c8728899a0000000000000000000000000000000000000000038c03348d52273f0deb22d8000000000000000000000000000000000000000003b186cf3008be02033d3ec7
58286160,2024-06-17 22:03:26,0x73c8a2c1a6e8b6264eb9774aad66e7ae2ca8e66c3c9179e00c3553d447ae1f6b,30,134,"['0xb3d084820fb1a9decffb176436bd02558d15fac9b0ddfed8c465bc7359d7dce0', '0x0000000000000000000000002791bca1f2de4661ed88a30c99a7a9449aa84174', '0x0000000000000000000000008706b0771cb22e28e4142d0adeff53609a03ead8', '0x0000000000000000000000000000000000000000000000000000000000000000']",0x000000000000000000000000213c9062d6d00a06812b1de290c1a4a6cde1738000000000000000000000000000000000000000000000000000000003b87a931600000000000000000000000000000000000000000000000000000000000000020000000000000000000000000000000000000000004ba5a25005d23c8728899a
58286164,2024-06-17 22:03:34,0x1d6adce569ba0590dba15b4e5e5d92fe25288b72c0dbe7e4328bad808e6960f7,30,94,"['0x804c9b842b2748a22bb64b345453a3de7ca54a6ca45ce00d415894979e22897a', '0x0000000000000000000000002791bca1f2de4661ed88a30c99a7a9449aa84174']",0x0000000000000000000000000000000000000000002f845745dfddcff2263e580000000000000000000000000000000000000000005ec531db41210017cfba220000000000000000000000000000000000000000004b9bc627e579e2443a8ab40000000000000000000000000000000000000000038c03356b8a7dfdde5307ea000000000000000000000000000000000000000003b186d0a00d3723503c3d49
58286164,2024-06-17 22:03:34,0x1d6adce569ba0590dba15b4e5e5d92fe25288b72c0dbe7e4328bad808e6960f7,30,97,"['0xa534c8dbe71f871f9f3530e97a74601fea17b426cae02e1c5aee42c96c784051', '0x0000000000000000000000002791bca1f2de4661ed88a30c99a7a9449aa84174', '0x0000000000000000000000008706b0771cb22e28e4142d0adeff53609a03ead8', '0x000000000000000000000000213c9062d6d00a06812b1de290c1a4a6cde17380']",0x000000000000000000000000000000000000000000000000000000036da63fcb0000000000000000000000000000000000000000000000000000000000000000
58286381,2024-06-17 22:11:46,0x02b35e6e7f57466ff6d5af5cb89caca2e2bdedbb8f0d600a8272f37201c4187a,45,208,"['0x804c9b842b2748a22bb64b345453a3de7ca54a6ca45ce00d415894979e22897a', '0x0000000000000000000000002791bca1f2de4661ed88a30c99a7a9449aa84174']",0x0000000000000000000000000000000000000000002f8395388aba4e4931ce000000000000000000000000000000000000000000005ec5279ac6a46be49402bf0000000000000000000000000000000000000000004b9af91e53be4e439036de0000000000000000000000000000000000000000038c036ac03d5be2f31cde48000000000000000000000000000000000000000003b18728fd9e7839a33e597f
58286536,2024-06-17 22:17:16,0x0d74012391e6b7e81557e2bdf2123b7fbd7b0df83f30b446e4001727c317893f,28,221,"['0x804c9b842b2748a22bb64b345453a3de7ca54a6ca45ce00d415894979e22897a', '0x0000000000000000000000002791bca1f2de4661ed88a30c99a7a9449aa84174']",0x0000000000000000000000000000000000000000002f793d594ad57bd2ff11a20000000000000000000000000000000000000000005ec4bb157b2ca5e0efa34e0000000000000000000000000000000000000000004b927eb46e62d5fab8c2190000000000000000000000000000000000000000038c038e84f9a455261ccea1000000000000000000000000000000000000000003b187644203038669164a88
58286536,2024-06-17 22:17:16,0x0d74012391e6b7e81557e2bdf2123b7fbd7b0df83f30b446e4001727c317893f,28,226,"['0x2b627736bca15cd5381dcf80b0bf11fd197d01a037c52b927a881a10fb73ba61', '0x0000000000000000000000002791bca1f2de4661ed88a30c99a7a9449aa84174', '0x000000000000000000000000db92b89ca415c0dab40dc96e99fc411c08f20780', '0x0000000000000000000000000000000000000000000000000000000000000000']",0x000000000000000000000000db92b89ca415c0dab40dc96e99fc411c08f2078000000000000000000000000000000000000000000000000000000003961f79a8
58286632,2024-06-17 22:20:40,0x37bc2a912037c7323939b625271bd97e9634a86563507d0e040ed96668fd7e1e,30,158,"['0x804c9b842b2748a22bb64b345453a3de7ca54a6ca45ce00d415894979e22897a', '0x0000000000000000000000002791bca1f2de4661ed88a30c99a7a9449aa84174']",0x0000000000000000000000000000000000000000002f779b1817f9a6beb94ffd0000000000000000000000000000000000000000005ec4a9efd44a49acabdd720000000000000000000000000000000000000000004b9127c364b3a1e56d4ce50000000000000000000000000000000000000000038c03a49cb14ab3ea8c660b000000000000000000000000000000000000000003b18788e1353860f2331737
58286632,2024-06-17 22:20:40,0x37bc2a912037c7323939b625271bd97e9634a86563507d0e040ed96668fd7e1e,30,163,"['0x2b627736bca15cd5381dcf80b0bf11fd197d01a037c52b927a881a10fb73ba61', '0x0000000000000000000000002791bca1f2de4661ed88a30c99a7a9449aa84174', '0x000000000000000000000000f6f3e2107ed07262a287512930f85625d6023923', '0x0000000000000000000000000000000000000000000000000000000000000000']",0x000000000000000000000000f6f3e2107ed07262a287512930f85625d602392300000000000000000000000000000000000000000000000000000000914cefce
58286719,2024-06-17 22:23:44,0x19843248912a348cb5344f0fb0b68a47a2374518d4be8f0700b2c4e82fc7cb9a,12,85,"['0x804c9b842b2748a22bb64b345453a3de7ca54a6ca45ce00d415894979e22897a', '0x0000000000000000000000002791bca1f2de4661ed88a30c99a7a9449aa84174']",0x0000000000000000000000000000000000000000002f77c67b837d8bcddb203e0000000000000000000000000000000000000000005ec4abac31fa616585f6a70000000000000000000000000000000000000000004b914a7ab6757c567745140000000000000000000000000000000000000000038c03b8893e734d1af0d5a7000000000000000000000000000000000000000003b187a9e8afb57510069cca
58286719,2024-06-17 22:23:44,0x19843248912a348cb5344f0fb0b68a47a2374518d4be8f0700b2c4e82fc7cb9a,12,87,"['0xb3d084820fb1a9decffb176436bd02558d15fac9b0ddfed8c465bc7359d7dce0', '0x0000000000000000000000002791bca1f2de4661ed88a30c99a7a9449aa84174', '0x0000000000000000000000004759bf52cf93a1a8fc2285820ff8d00d213dc2c1', '0x0000000000000000000000000000000000000000000000000000000000000c9c']",0x0000000000000000000000004759bf52cf93a1a8fc2285820ff8d00d213dc2c1000000000000000000000000000000000000000000000000000000000bebc20000000000000000000000000000000000000000000000000000000000000000020000000000000000000000000000000000000000004b914a7ab6757c56774514
58286732,2024-06-17 22:24:12,0xeb8d976a3b6f81492f38f2b342293a504150bd366f3841a85b7e5a898e1a8fc0,13,110,"['0x804c9b842b2748a22bb64b345453a3de7ca54a6ca45ce00d415894979e22897a', '0x0000000000000000000000002791bca1f2de4661ed88a30c99a7a9449aa84174']",0x0000000000000000000000000000000000000000003043da34caaf97f6f6d4490000000000000000000000000000000000000000005ecd00769352a2123215010000000000000000000000000000000000000000004c37ea4a515a89d3e9a4140000000000000000000000000000000000000000038c03bb916d07a325b5adc6000000000000000000000000000000000000000003b187aeef6626603e590036
58286732,2024-06-17 22:24:12,0xeb8d976a3b6f81492f38f2b342293a504150bd366f3841a85b7e5a898e1a8fc0,13,115,"['0x3115d1449a7b732c986cba18244e897a450f61e1bb8d589cd2e69e6c8924f9f7', '0x0000000000000000000000002791bca1f2de4661ed88a30c99a7a9449aa84174', '0x0000000000000000000000008290fda77c43437ab141d02ebc05f95bdd96e182', '0x0000000000000000000000008290fda77c43437ab141d02ebc05f95bdd96e182']",0x00000000000000000000000000000000000000000000000000000045e5a1cec7
58286732,2024-06-17 22:24:12,0xeb8d976a3b6f81492f38f2b342293a504150bd366f3841a85b7e5a898e1a8fc0,13,133,"['0x804c9b842b2748a22bb64b345453a3de7ca54a6ca45ce00d415894979e22897a', '0x0000000000000000000000002791bca1f2de4661ed88a30c99a7a9449aa84174']",0x0000000000000000000000000000000000000000002f7786b7c65dbaf964d1ce0000000000000000000000000000000000000000005ec4a90ef5b4682def8bcb0000000000000000000000000000000000000000004b91163200fe03feb6ebe90000000000000000000000000000000000000000038c03bb916d07a325b5adc6000000000000000000000000000000000000000003b187aeef6626603e590036
58286732,2024-06-17 22:24:12,0xeb8d976a3b6f81492f38f2b342293a504150bd366f3841a85b7e5a898e1a8fc0,13,139,"['0x2b627736bca15cd5381dcf80b0bf11fd197d01a037c52b927a881a10fb73ba61', '0x0000000000000000000000002791bca1f2de4661ed88a30c99a7a9449aa84174', '0x0000000000000000000000008290fda77c43437ab141d02ebc05f95bdd96e182', '0x0000000000000000000000000000000000000000000000000000000000000000']",0x0000000000000000000000008290fda77c43437ab141d02ebc05f95bdd96e18200000000000000000000000000000000000000000000000000000045fbc85c13
58287549,2024-06-17 22:54:12,0x504386833ec2d987b090f798987db30a544f40905ec93f5a31c574ff33f49179,8,22,"['0x804c9b842b2748a22bb64b345453a3de7ca54a6ca45ce00d415894979e22897a', '0x0000000000000000000000002791bca1f2de4661ed88a30c99a7a9449aa84174']",0x0000000000000000000000000000000000000000003043dfeb0c398cdcd53c3f0000000000000000000000000000000000000000005ecd00aebbfc8529edeb030000000000000000000000000000000000000000004c37eead7ea047ae965c3a0000000000000000000000000000000000000000038c047e79d119e2218f01d3000000000000000000000000000000000000000003b188f20bfcba7ce20d7177
58287549,2024-06-17 22:54:12,0x504386833ec2d987b090f798987db30a544f40905ec93f5a31c574ff33f49179,8,27,"['0x3115d1449a7b732c986cba18244e897a450f61e1bb8d589cd2e69e6c8924f9f7', '0x0000000000000000000000002791bca1f2de4661ed88a30c99a7a9449aa84174', '0x0000000000000000000000008290fda77c43437ab141d02ebc05f95bdd96e182', '0x0000000000000000000000008290fda77c43437ab141d02ebc05f95bdd96e182']",0x00000000000000000000000000000000000000000000000000000045fbd761bf
58287549,2024-06-17 22:54:12,0x504386833ec2d987b090f798987db30a544f40905ec93f5a31c574ff33f49179,8,46,"['0x804c9b842b2748a22bb64b345453a3de7ca54a6ca45ce00d415894979e22897a', '0x0000000000000000000000002791bca1f2de4661ed88a30c99a7a9449aa84174']",0x0000000000000000000000000000000000000000002f778b1880bef62f3af8ba0000000000000000000000000000000000000000005ec4a939ad9856823d49390000000000000000000000000000000000000000004b9119885ecca294c9b8840000000000000000000000000000000000000000038c047e79d119e2218f01d3000000000000000000000000000000000000000003b188f20bfcba7ce20d7177
58287549,2024-06-17 22:54:12,0x504386833ec2d987b090f798987db30a544f40905ec93f5a31c574ff33f49179,8,52,"['0x2b627736bca15cd5381dcf80b0bf11fd197d01a037c52b927a881a10fb73ba61', '0x0000000000000000000000002791bca1f2de4661ed88a30c99a7a9449aa84174', '0x0000000000000000000000008290fda77c43437ab141d02ebc05f95bdd96e182', '0x0000000000000000000000000000000000000000000000000000000000000000']",0x0000000000000000000000008290fda77c43437ab141d02ebc05f95bdd96e18200000000000000000000000000000000000000000000000000000045fc48d7fc
58287576,2024-06-17 22:55:10,0x246695c0b9a193c7b7640fe1e295c9a6443b94fdb687603270043c8f25c1d71c,35,125,"['0x804c9b842b2748a22bb64b345453a3de7ca54a6ca45ce00d415894979e22897a', '0x0000000000000000000000002791bca1f2de4661ed88a30c99a7a9449aa84174']",0x0000000000000000000000000000000000000000002f7795a0b76ef8fd58c6aa0000000000000000000000000000000000000000005ec4a9a81ad201aaecb68a0000000000000000000000000000000000000000004b912228e74e01c27e42d10000000000000000000000000000000000000000038c0484c198d01e04ae429f000000000000000000000000000000000000000003b188fc754ef8467ea5dcb3
58287576,2024-06-17 22:55:10,0x246695c0b9a193c7b7640fe1e295c9a6443b94fdb687603270043c8f25c1d71c,35,129,"['0x3115d1449a7b732c986cba18244e897a450f61e1bb8d589cd2e69e6c8924f9f7', '0x0000000000000000000000002791bca1f2de4661ed88a30c99a7a9449aa84174', '0x000000000000000000000000db92b89ca415c0dab40dc96e99fc411c08f20780', '0x000000000000000000000000db92b89ca415c0dab40dc96e99fc411c08f20780']",0x000000000000000000000000000000000000000000000000000000000397274f
58287816,2024-06-17 23:04:30,0xb72d01e98c3f1636bed3826b4da4bcf8cbff20331e0270aff6dbd7fb1509ca4b,93,716,"['0x804c9b842b2748a22bb64b345453a3de7ca54a6ca45ce00d415894979e22897a', '0x0000000000000000000000002791bca1f2de4661ed88a30c99a7a9449aa84174']",0x0000000000000000000000000000000000000000002f77b9c043421aa956a0060000000000000000000000000000000000000000005ec4ab22335b01f54d58410000000000000000000000000000000000000000004b913fb2d20207920ae5130000000000000000000000000000000000000000038c04c1650ba1028a1e77ce000000000000000000000000000000000000000003b18960fb8339aa38685c49
58287816,2024-06-17 23:04:30,0xb72d01e98c3f1636bed3826b4da4bcf8cbff20331e0270aff6dbd7fb1509ca4b,93,720,"['0x3115d1449a7b732c986cba18244e897a450f61e1bb8d589cd2e69e6c8924f9f7', '0x0000000000000000000000002791bca1f2de4661ed88a30c99a7a9449aa84174', '0x000000000000000000000000be8f940919003f6eeeeb10f0b1df03ad7da7ffde', '0x000000000000000000000000be8f940919003f6eeeeb10f0b1df03ad7da7ffde']",0x000000000000000000000000000000000000000000000000000000000bebc200
58288133,2024-06-17 23:15:58,0x58223f6836751b8c0416700c3b6dc26128bc06d61a3bc3797c9c4c7164ce8967,20,111,"['0x804c9b842b2748a22bb64b345453a3de7ca54a6ca45ce00d415894979e22897a', '0x0000000000000000000000002791bca1f2de4661ed88a30c99a7a9449aa84174']",0x0000000000000000000000000000000000000000002f77bc99946f363ecb787b0000000000000000000000000000000000000000005ec4ab3edd97863864fc870000000000000000000000000000000000000000004b9141f01ebc5ccfe3ba820000000000000000000000000000000000000000038c050be4f39d95ded6484c000000000000000000000000000000000000000003b189dc7c10f5c6103f70a3
58288133,2024-06-17 23:15:58,0x58223f6836751b8c0416700c3b6dc26128bc06d61a3bc3797c9c4c7164ce8967,20,115,"['0x3115d1449a7b732c986cba18244e897a450f61e1bb8d589cd2e69e6c8924f9f7', '0x0000000000000000000000002791bca1f2de4661ed88a30c99a7a9449aa84174', '0x000000000000000000000000f3c925a073be74564946d31b3c17a010641d95da', '0x000000000000000000000000f3c925a073be74564946d31b3c17a010641d95da']",0x00000000000000000000000000000000000000000000000000000000003d0900
58288156,2024-06-17 23:16:46,0xed9353989e20f54e0b0eef38a5130f3530cb983b1d43be680a299bc102c8243d,17,73,"['0x804c9b842b2748a22bb64b345453a3de7ca54a6ca45ce00d415894979e22897a', '0x0000000000000000000000002791bca1f2de4661ed88a30c99a7a9449aa84174']",0x0000000000000000000000000000000000000000002f786a55f7112a651f1d070000000000000000000000000000000000000000005ec4b25e0a0e79808ae5820000000000000000000000000000000000000000004b91d05f98075e72d9ee300000000000000000000000000000000000000000038c0511178d7824e25d9ae3000000000000000000000000000000000000000003b189e519e02bc4fe9b66f9
58288156,2024-06-17 23:16:46,0xed9353989e20f54e0b0eef38a5130f3530cb983b1d43be680a299bc102c8243d,17,77,"['0x3115d1449a7b732c986cba18244e897a450f61e1bb8d589cd2e69e6c8924f9f7', '0x0000000000000000000000002791bca1f2de4661ed88a30c99a7a9449aa84174', '0x000000000000000000000000db92b89ca415c0dab40dc96e99fc411c08f20780', '0x000000000000000000000000db92b89ca415c0dab40dc96e99fc411c08f20780']",0x000000000000000000000000000000000000000000000000000000003c36de17
58288231,2024-06-17 23:19:26,0xa8aeeade75b79ed793da36384b72c1c3bfed742a5de913f12a74b9499a476399,12,38,"['0x804c9b842b2748a22bb64b345453a3de7ca54a6ca45ce00d415894979e22897a', '0x0000000000000000000000002791bca1f2de4661ed88a30c99a7a9449aa84174']",0x0000000000000000000000000000000000000000002f786ad6ae158af028c3ec0000000000000000000000000000000000000000005ec4b2630769bc8183e1fa0000000000000000000000000000000000000000004b91d0c363289a864da7920000000000000000000000000000000000000000038c05226b23291a9a3c7a03000000000000000000000000000000000000000003b18a01d2c993e25fda7ab1
58288231,2024-06-17 23:19:26,0xa8aeeade75b79ed793da36384b72c1c3bfed742a5de913f12a74b9499a476399,12,42,"['0x3115d1449a7b732c986cba18244e897a450f61e1bb8d589cd2e69e6c8924f9f7', '0x0000000000000000000000002791bca1f2de4661ed88a30c99a7a9449aa84174', '0x000000000000000000000000db92b89ca415c0dab40dc96e99fc411c08f20780', '0x000000000000000000000000db92b89ca415c0dab40dc96e99fc411c08f20780']",0x0000000000000000000000000000000000000000000000000000000000000285
58288238,2024-06-17 23:19:40,0xfa7917bdab96a7ded81e8189f9c023f04447dfd705993aafd90b83e40a9ca3ff,34,247,"['0x804c9b842b2748a22bb64b345453a3de7ca54a6ca45ce00d415894979e22897a', '0x0000000000000000000000002791bca1f2de4661ed88a30c99a7a9449aa84174']",0x0000000000000000000000000000000000000000002f7c9949ddd90ae00599020000000000000000000000000000000000000000005ec4dd3960a8432a168f9b0000000000000000000000000000000000000000004b9529825c0b1fb1c3381b0000000000000000000000000000000000000000038c0523ef404db45c6f0e15000000000000000000000000000000000000000003b18a04562adaf0a5f2f5db
58288238,2024-06-17 23:19:40,0xfa7917bdab96a7ded81e8189f9c023f04447dfd705993aafd90b83e40a9ca3ff,34,249,"['0xb3d084820fb1a9decffb176436bd02558d15fac9b0ddfed8c465bc7359d7dce0', '0x0000000000000000000000002791bca1f2de4661ed88a30c99a7a9449aa84174', '0x000000000000000000000000647540bfc5199fd94b95445070db4027fd5ce78c', '0x0000000000000000000000000000000000000000000000000000000000000000']",0x000000000000000000000000647540bfc5199fd94b95445070db4027fd5ce78c000000000000000000000000000000000000000000000000000000012a05f20000000000000000000000000000000000000000000000000000000000000000020000000000000000000000000000000000000000004b9529825c0b1fb1c3381b
58288259,2024-06-17 23:20:26,0x8f21f170a8a37cdc4a20f0c211c1dcc9fa12c26154fe7e9e86b3ece05e8b06d6,31,159,"['0x804c9b842b2748a22bb64b345453a3de7ca54a6ca45ce00d415894979e22897a', '0x0000000000000000000000002791bca1f2de4661ed88a30c99a7a9449aa84174']",0x0000000000000000000000000000000000000000002f7c996edc5fa18f48b6b90000000000000000000000000000000000000000005ec4dd3acfb20795258cc40000000000000000000000000000000000000000004b95299f08ce780eeeff4e0000000000000000000000000000000000000000038c0528eaebd338fcc18bea000000000000000000000000000000000000000003b18a0c987f011d0f396ab2
58288259,2024-06-17 23:20:26,0x8f21f170a8a37cdc4a20f0c211c1dcc9fa12c26154fe7e9e86b3ece05e8b06d6,31,163,"['0x3115d1449a7b732c986cba18244e897a450f61e1bb8d589cd2e69e6c8924f9f7', '0x0000000000000000000000002791bca1f2de4661ed88a30c99a7a9449aa84174', '0x000000000000000000000000db92b89ca415c0dab40dc96e99fc411c08f20780', '0x000000000000000000000000db92b89ca415c0dab40dc96e99fc411c08f20780']",0x000000000000000000000000000000000000000000000000000000000000006f
58288289,2024-06-17 23:21:30,0x0599a860715df5f385d59c1a4cd8de5bb4b52f3f2a77e416d3d493194269d515,33,316,"['0x804c9b842b2748a22bb64b345453a3de7ca54a6ca45ce00d415894979e22897a', '0x0000000000000000000000002791bca1f2de4661ed88a30c99a7a9449aa84174']",0x0000000000000000000000000000000000000000002f7c99a2548935f16f6bab0000000000000000000000000000000000000000005ec4dd3cce5917c2a5eb320000000000000000000000000000000000000000004b9529c6eddbbb9cf65fe50000000000000000000000000000000000000000038c052fd9c44315a8baef1f000000000000000000000000000000000000000003b18a18162bdedf10c763c7
58288289,2024-06-17 23:21:30,0x0599a860715df5f385d59c1a4cd8de5bb4b52f3f2a77e416d3d493194269d515,33,320,"['0x3115d1449a7b732c986cba18244e897a450f61e1bb8d589cd2e69e6c8924f9f7', '0x0000000000000000000000002791bca1f2de4661ed88a30c99a7a9449aa84174', '0x000000000000000000000000db92b89ca415c0dab40dc96e99fc411c08f20780', '0x000000000000000000000000db92b89ca415c0dab40dc96e99fc411c08f20780']",0x0000000000000000000000000000000000000000000000000000000000000087
58288316,2024-06-17 23:22:26,0xcefde8021cfb6c037fff6b5836bc1221e0b7d22eb08dbf2a18d97663205055c6,22,190,"['0x804c9b842b2748a22bb64b345453a3de7ca54a6ca45ce00d415894979e22897a', '0x0000000000000000000000002791bca1f2de4661ed88a30c99a7a9449aa84174']",0x0000000000000000000000000000000000000000002f7c99cf5dde39ba4bbe660000000000000000000000000000000000000000005ec4dd3e8d2d3fd05cf8440000000000000000000000000000000000000000004b9529e9d66edcaf4365470000000000000000000000000000000000000000038c0535eac1b7658233187a000000000000000000000000000000000000000003b18a222423438ad45c9724
58288316,2024-06-17 23:22:26,0xcefde8021cfb6c037fff6b5836bc1221e0b7d22eb08dbf2a18d97663205055c6,22,194,"['0x3115d1449a7b732c986cba18244e897a450f61e1bb8d589cd2e69e6c8924f9f7', '0x0000000000000000000000002791bca1f2de4661ed88a30c99a7a9449aa84174', '0x000000000000000000000000db92b89ca415c0dab40dc96e99fc411c08f20780', '0x000000000000000000000000db92b89ca415c0dab40dc96e99fc411c08f20780']",0x0000000000000000000000000000000000000000000000000000000000000087
58288344,2024-06-17 23:23:26,0x8ed46e9b866e9b6d61308f95213ad0c233577c39d98f0c72140e3555c5144dcf,10,44,"['0x804c9b842b2748a22bb64b345453a3de7ca54a6ca45ce00d415894979e22897a', '0x0000000000000000000000002791bca1f2de4661ed88a30c99a7a9449aa84174']",0x0000000000000000000000000000000000000000002f7c99ff9eff26cdd976e10000000000000000000000000000000000000000005ec4dd406beeda6e7670330000000000000000000000000000000000000000004b952a0f3d8ef10940c3f90000000000000000000000000000000000000000038c053c6aacc54c1206ed00000000000000000000000000000000000000000003b18a2ce9f59be53eed4374
58288344,2024-06-17 23:23:26,0x8ed46e9b866e9b6d61308f95213ad0c233577c39d98f0c72140e3555c5144dcf,10,48,"['0x3115d1449a7b732c986cba18244e897a450f61e1bb8d589cd2e69e6c8924f9f7', '0x0000000000000000000000002791bca1f2de4661ed88a30c99a7a9449aa84174', '0x000000000000000000000000db92b89ca415c0dab40dc96e99fc411c08f20780', '0x000000000000000000000000db92b89ca415c0dab40dc96e99fc411c08f20780']",0x00000000000000000000000000000000000000000000000000000000000000a9
58288366,2024-06-17 23:24:12,0x8f5c04af3a2ab4aa375342b5161dbea580d9765c5c1d53cf8825262640748ad3,9,122,"['0x804c9b842b2748a22bb64b345453a3de7ca54a6ca45ce00d415894979e22897a', '0x0000000000000000000000002791bca1f2de4661ed88a30c99a7a9449aa84174']",0x00000000000000000000000000000000000000000030490738bedef97499591e0000000000000000000000000000000000000000005ecd353d53dea8f10177ce0000000000000000000000000000000000000000004c3c09d15c4b133c1d5c1e0000000000000000000000000000000000000000038c0541665880485a88182c000000000000000000000000000000000000000003b18a352c4a2c32dc60bd3e
58288366,2024-06-17 23:24:12,0x8f5c04af3a2ab4aa375342b5161dbea580d9765c5c1d53cf8825262640748ad3,9,127,"['0x3115d1449a7b732c986cba18244e897a450f61e1bb8d589cd2e69e6c8924f9f7', '0x0000000000000000000000002791bca1f2de4661ed88a30c99a7a9449aa84174', '0x0000000000000000000000008290fda77c43437ab141d02ebc05f95bdd96e182', '0x0000000000000000000000008290fda77c43437ab141d02ebc05f95bdd96e182']",0x00000000000000000000000000000000000000000000000000000045fc57de12
58288366,2024-06-17 23:24:12,0x8f5c04af3a2ab4aa375342b5161dbea580d9765c5c1d53cf8825262640748ad3,9,145,"['0x804c9b842b2748a22bb64b345453a3de7ca54a6ca45ce00d415894979e22897a', '0x0000000000000000000000002791bca1f2de4661ed88a30c99a7a9449aa84174']",0x0000000000000000000000000000000000000000002f7cacec7c73738d97487e0000000000000000000000000000000000000000005ec4de06e8e93175b64a6f0000000000000000000000000000000000000000004b953991011dbd9a3dd0b70000000000000000000000000000000000000000038c0541665880485a88182c000000000000000000000000000000000000000003b18a352c4a2c32dc60bd3e
58288366,2024-06-17 23:24:12,0x8f5c04af3a2ab4aa375342b5161dbea580d9765c5c1d53cf8825262640748ad3,9,151,"['0x2b627736bca15cd5381dcf80b0bf11fd197d01a037c52b927a881a10fb73ba61', '0x0000000000000000000000002791bca1f2de4661ed88a30c99a7a9449aa84174', '0x0000000000000000000000008290fda77c43437ab141d02ebc05f95bdd96e182', '0x0000000000000000000000000000000000000000000000000000000000000000']",0x0000000000000000000000008290fda77c43437ab141d02ebc05f95bdd96e18200000000000000000000000000000000000000000000000000000045f5d4bfb3
58288369,2024-06-17 23:24:20,0x6a81a086a6a1aed8ce77dc0737ad081b3f3b41a98c3d5713c32a667b05c53233,30,106,"['0x804c9b842b2748a22bb64b345453a3de7ca54a6ca45ce00d415894979e22897a', '0x0000000000000000000000002791bca1f2de4661ed88a30c99a7a9449aa84174']",0x0000000000000000000000000000000000000000002f7cacf2ecc955b418b4400000000000000000000000000000000000000000005ec4de0728cbc903ced65f0000000000000000000000000000000000000000004b953995fed194b428bf760000000000000000000000000000000000000000038c05424433ef4e8da5a6f0000000000000000000000000000000000000000003b18a369c00235118006601
58288369,2024-06-17 23:24:20,0x6a81a086a6a1aed8ce77dc0737ad081b3f3b41a98c3d5713c32a667b05c53233,30,110,"['0x3115d1449a7b732c986cba18244e897a450f61e1bb8d589cd2e69e6c8924f9f7', '0x0000000000000000000000002791bca1f2de4661ed88a30c99a7a9449aa84174', '0x000000000000000000000000db92b89ca415c0dab40dc96e99fc411c08f20780', '0x000000000000000000000000db92b89ca415c0dab40dc96e99fc411c08f20780']",0x0000000000000000000000000000000000000000000000000000000000000086
58288391,2024-06-17 23:25:06,0xc6b9d33d13ed169b635bb80d3f8c92967e417492fb8491f0989b638402b55d87,37,117,"['0x804c9b842b2748a22bb64b345453a3de7ca54a6ca45ce00d415894979e22897a', '0x0000000000000000000000002791bca1f2de4661ed88a30c99a7a9449aa84174']",0x0000000000000000000000000000000000000000002f7cad17eb47b17717fca70000000000000000000000000000000000000000005ec4de0897d4d2bab287550000000000000000000000000000000000000000004b9539b2ab8656fdf2929b0000000000000000000000000000000000000000038c05473fe1af96dbf58602000000000000000000000000000000000000000003b18a3ede567ba19fe83f83
58288391,2024-06-17 23:25:06,0xc6b9d33d13ed169b635bb80d3f8c92967e417492fb8491f0989b638402b55d87,37,121,"['0x3115d1449a7b732c986cba18244e897a450f61e1bb8d589cd2e69e6c8924f9f7', '0x0000000000000000000000002791bca1f2de4661ed88a30c99a7a9449aa84174', '0x000000000000000000000000db92b89ca415c0dab40dc96e99fc411c08f20780', '0x000000000000000000000000db92b89ca415c0dab40dc96e99fc411c08f20780']",0x0000000000000000000000000000000000000000000000000000000000000070
58288422,2024-06-17 23:26:12,0xe7d8aa6c4920bfb1bdd3fc2e1fea97b585e51736265856ca7bd7fafb200079b0,23,80,"['0x804c9b842b2748a22bb64b345453a3de7ca54a6ca45ce00d415894979e22897a', '0x0000000000000000000000002791bca1f2de4661ed88a30c99a7a9449aa84174']",0x0000000000000000000000000000000000000000002f7cad4cfed5ad612d00c20000000000000000000000000000000000000000005ec4de0aa66cb797ac27850000000000000000000000000000000000000000004b9539dbcf64384173165e0000000000000000000000000000000000000000038c054e663415deb153c45a000000000000000000000000000000000000000003b18a4ab7f3e7721466bf37
58288422,2024-06-17 23:26:12,0xe7d8aa6c4920bfb1bdd3fc2e1fea97b585e51736265856ca7bd7fafb200079b0,23,84,"['0x3115d1449a7b732c986cba18244e897a450f61e1bb8d589cd2e69e6c8924f9f7', '0x0000000000000000000000002791bca1f2de4661ed88a30c99a7a9449aa84174', '0x000000000000000000000000db92b89ca415c0dab40dc96e99fc411c08f20780', '0x000000000000000000000000db92b89ca415c0dab40dc96e99fc411c08f20780']",0x0000000000000000000000000000000000000000000000000000000000000070
58288452,2024-06-17 23:27:16,0x1c6d9201bc4bc59e7cf946ef6aa47638f044cfc1dece983aa97a1552f9806d88,15,200,"['0x804c9b842b2748a22bb64b345453a3de7ca54a6ca45ce00d415894979e22897a', '0x0000000000000000000000002791bca1f2de4661ed88a30c99a7a9449aa84174']",0x0000000000000000000000000000000000000000002f7cad80775306394eab8b0000000000000000000000000000000000000000005ec4de0ca516a7b72254b80000000000000000000000000000000000000000004b953a03b4aafab6ae9e530000000000000000000000000000000000000000038c0555550fb5902a98bbee000000000000000000000000000000000000000003b18a5635a3fe6f3cc7d864
58288452,2024-06-17 23:27:16,0x1c6d9201bc4bc59e7cf946ef6aa47638f044cfc1dece983aa97a1552f9806d88,15,204,"['0x3115d1449a7b732c986cba18244e897a450f61e1bb8d589cd2e69e6c8924f9f7', '0x0000000000000000000000002791bca1f2de4661ed88a30c99a7a9449aa84174', '0x000000000000000000000000db92b89ca415c0dab40dc96e99fc411c08f20780', '0x000000000000000000000000db92b89ca415c0dab40dc96e99fc411c08f20780']",0x00000000000000000000000000000000000000000000000000000000000000a9
58288494,2024-06-17 23:28:50,0xfc2a49f77f37ed737634309dc0c89831b47a0bc67b84d463204b9fc80e7cede7,65,532,"['0x804c9b842b2748a22bb64b345453a3de7ca54a6ca45ce00d415894979e22897a', '0x0000000000000000000000002791bca1f2de4661ed88a30c99a7a9449aa84174']",0x0000000000000000000000000000000000000000002f7cadcc112d4434ab8e780000000000000000000000000000000000000000005ec4de0f93298a3ebe37110000000000000000000000000000000000000000004b953a3e4e24ad4edc4d470000000000000000000000000000000000000000038c055f83e2670dbfe9ec63000000000000000000000000000000000000000003b18a67163ee9ec02057537
58288494,2024-06-17 23:28:50,0xfc2a49f77f37ed737634309dc0c89831b47a0bc67b84d463204b9fc80e7cede7,65,536,"['0x3115d1449a7b732c986cba18244e897a450f61e1bb8d589cd2e69e6c8924f9f7', '0x0000000000000000000000002791bca1f2de4661ed88a30c99a7a9449aa84174', '0x000000000000000000000000db92b89ca415c0dab40dc96e99fc411c08f20780', '0x000000000000000000000000db92b89ca415c0dab40dc96e99fc411c08f20780']",0x0000000000000000000000000000000000000000000000000000000000000147
58288528,2024-06-17 23:30:06,0xe565b6852852e235297ecfe7be843dfd86edfd4510e245f997f46254666b4181,18,119,"['0x804c9b842b2748a22bb64b345453a3de7ca54a6ca45ce00d415894979e22897a', '0x0000000000000000000000002791bca1f2de4661ed88a30c99a7a9449aa84174']",0x0000000000000000000000000000000000000000002f7cae092fe31a0d67445e0000000000000000000000000000000000000000005ec4de11f18f724637548d0000000000000000000000000000000000000000004b953a6dae1acde4529b030000000000000000000000000000000000000000038c0567bf877272e49c96ab000000000000000000000000000000000000000003b18a74bb8083c9e8602001
58288528,2024-06-17 23:30:06,0xe565b6852852e235297ecfe7be843dfd86edfd4510e245f997f46254666b4181,18,123,"['0x3115d1449a7b732c986cba18244e897a450f61e1bb8d589cd2e69e6c8924f9f7', '0x0000000000000000000000002791bca1f2de4661ed88a30c99a7a9449aa84174', '0x000000000000000000000000db92b89ca415c0dab40dc96e99fc411c08f20780', '0x000000000000000000000000db92b89ca415c0dab40dc96e99fc411c08f20780']",0x00000000000000000000000000000000000000000000000000000000000000a8
58288547,2024-06-17 23:31:16,0x47aafd658cbdbd0745475f9694a3ebd1aad2f2059d849e19c3b540a194e888d0,7,87,"['0x804c9b842b2748a22bb64b345453a3de7ca54a6ca45ce00d415894979e22897a', '0x0000000000000000000000002791bca1f2de4661ed88a30c99a7a9449aa84174']",0x0000000000000000000000000000000000000000002f7cae417af97e380b7b5b0000000000000000000000000000000000000000005ec4de142011f53c62ce580000000000000000000000000000000000000000004b953a99504d091fb81edf0000000000000000000000000000000000000000038c056f54c7fd5bb07a9045000000000000000000000000000000000000000003b18a814cf9c5fc5b9e6d4a
58288547,2024-06-17 23:31:16,0x47aafd658cbdbd0745475f9694a3ebd1aad2f2059d849e19c3b540a194e888d0,7,91,"['0x3115d1449a7b732c986cba18244e897a450f61e1bb8d589cd2e69e6c8924f9f7', '0x0000000000000000000000002791bca1f2de4661ed88a30c99a7a9449aa84174', '0x000000000000000000000000db92b89ca415c0dab40dc96e99fc411c08f20780', '0x000000000000000000000000db92b89ca415c0dab40dc96e99fc411c08f20780']",0x000000000000000000000000000000000000000000000000000000000000007b
58288577,2024-06-17 23:32:20,0xd2a7b99f8a9513b64bc8fa790001f83e8ac595cf027af9533790e0dd2ac575f6,15,198,"['0x804c9b842b2748a22bb64b345453a3de7ca54a6ca45ce00d415894979e22897a', '0x0000000000000000000000002791bca1f2de4661ed88a30c99a7a9449aa84174']",0x0000000000000000000000000000000000000000002f7cae74f3b5bef0b9427d0000000000000000000000000000000000000000005ec4de161ebe71727d2e3b0000000000000000000000000000000000000000004b953ac135c6bd59c79c990000000000000000000000000000000000000000038c057643a4011dbbc98854000000000000000000000000000000000000000003b18a8ccaaaa398bc9a230a
58288577,2024-06-17 23:32:20,0xd2a7b99f8a9513b64bc8fa790001f83e8ac595cf027af9533790e0dd2ac575f6,15,202,"['0x3115d1449a7b732c986cba18244e897a450f61e1bb8d589cd2e69e6c8924f9f7', '0x0000000000000000000000002791bca1f2de4661ed88a30c99a7a9449aa84174', '0x000000000000000000000000db92b89ca415c0dab40dc96e99fc411c08f20780', '0x000000000000000000000000db92b89ca415c0dab40dc96e99fc411c08f20780']",0x00000000000000000000000000000000000000000000000000000000000000bf
58288610,2024-06-17 23:33:36,0x75db41e97b87e5ae0d283d8871bb900b895f92fb8d4d7e47eb42c0ad6a8d0577,25,95,"['0x804c9b842b2748a22bb64b345453a3de7ca54a6ca45ce00d415894979e22897a', '0x0000000000000000000000002791bca1f2de4661ed88a30c99a7a9449aa84174']",0x0000000000000000000000000000000000000000002f7caeb2134ee5d38ab3100000000000000000000000000000000000000000005ec4de187d2da4233b12c00000000000000000000000000000000000000000004b953af09676b3289d77010000000000000000000000000000000000000000038c057e7f495e985b547eae000000000000000000000000000000000000000003b18a9a6fece0652983a455
58288610,2024-06-17 23:33:36,0x75db41e97b87e5ae0d283d8871bb900b895f92fb8d4d7e47eb42c0ad6a8d0577,25,99,"['0x3115d1449a7b732c986cba18244e897a450f61e1bb8d589cd2e69e6c8924f9f7', '0x0000000000000000000000002791bca1f2de4661ed88a30c99a7a9449aa84174', '0x000000000000000000000000db92b89ca415c0dab40dc96e99fc411c08f20780', '0x000000000000000000000000db92b89ca415c0dab40dc96e99fc411c08f20780']",0x00000000000000000000000000000000000000000000000000000000000000f7
58288785,2024-06-17 23:40:14,0x1eafec09b5c60fa61196ec6c9336082249d4d37c147b72a36ed6808a484dd4ca,15,67,"['0x804c9b842b2748a22bb64b345453a3de7ca54a6ca45ce00d415894979e22897a', '0x0000000000000000000000002791bca1f2de4661ed88a30c99a7a9449aa84174']",0x0000000000000000000000000000000000000000002f96793b56e9bb5d769ba00000000000000000000000000000000000000000005ec5e62446b6c55794c2620000000000000000000000000000000000000000004ba9dbdc552d4b3f9f2fa60000000000000000000000000000000000000000038c05a99cb2b48b22c8ec45000000000000000000000000000000000000000003b18ae1e5953f7cf7636033
58288785,2024-06-17 23:40:14,0x1eafec09b5c60fa61196ec6c9336082249d4d37c147b72a36ed6808a484dd4ca,15,69,"['0xb3d084820fb1a9decffb176436bd02558d15fac9b0ddfed8c465bc7359d7dce0', '0x0000000000000000000000002791bca1f2de4661ed88a30c99a7a9449aa84174', '0x0000000000000000000000008706b0771cb22e28e4142d0adeff53609a03ead8', '0x0000000000000000000000000000000000000000000000000000000000000000']",0x000000000000000000000000213c9062d6d00a06812b1de290c1a4a6cde17380000000000000000000000000000000000000000000000000000000072cbab2b900000000000000000000000000000000000000000000000000000000000000020000000000000000000000000000000000000000004ba9dbdc552d4b3f9f2fa6
58288787,2024-06-17 23:40:18,0x23c272f949922bcca185bf4e9a78c3b68739301473ad6b67203e8a3482a23865,23,88,"['0x804c9b842b2748a22bb64b345453a3de7ca54a6ca45ce00d415894979e22897a', '0x0000000000000000000000002791bca1f2de4661ed88a30c99a7a9449aa84174']",0x0000000000000000000000000000000000000000002f7d3d3206df4400d57d3a0000000000000000000000000000000000000000005ec4e3cbc8aa0dd612fe6a0000000000000000000000000000000000000000004b95acf27c2ef5217be0530000000000000000000000000000000000000000038c05aa0bdcbc53a666284e000000000000000000000000000000000000000003b18ae29da28dc6ff357902
58288787,2024-06-17 23:40:18,0x23c272f949922bcca185bf4e9a78c3b68739301473ad6b67203e8a3482a23865,23,91,"['0xa534c8dbe71f871f9f3530e97a74601fea17b426cae02e1c5aee42c96c784051', '0x0000000000000000000000002791bca1f2de4661ed88a30c99a7a9449aa84174', '0x0000000000000000000000008706b0771cb22e28e4142d0adeff53609a03ead8', '0x000000000000000000000000213c9062d6d00a06812b1de290c1a4a6cde17380']",0x000000000000000000000000000000000000000000000000000000070569010e0000000000000000000000000000000000000000000000000000000000000000
58288951,2024-06-17 23:46:06,0x859c4bf817fa07cf53a556ec467c4092082d8a40e61ef81c9261f2fddeed7f6f,36,233,"['0x804c9b842b2748a22bb64b345453a3de7ca54a6ca45ce00d415894979e22897a', '0x0000000000000000000000002791bca1f2de4661ed88a30c99a7a9449aa84174']",0x0000000000000000000000000000000000000000002f7d5a399180c0cb4b7dba0000000000000000000000000000000000000000005ec4e4fbbd1e19853c01b40000000000000000000000000000000000000000004b95c4b1953fded0b022160000000000000000000000000000000000000000038c05cfbf1cfa7bc8d7e11b000000000000000000000000000000000000000003b18b21197ae7adba00cdbc
58288951,2024-06-17 23:46:06,0x859c4bf817fa07cf53a556ec467c4092082d8a40e61ef81c9261f2fddeed7f6f,36,237,"['0x3115d1449a7b732c986cba18244e897a450f61e1bb8d589cd2e69e6c8924f9f7', '0x0000000000000000000000002791bca1f2de4661ed88a30c99a7a9449aa84174', '0x000000000000000000000000db92b89ca415c0dab40dc96e99fc411c08f20780', '0x000000000000000000000000db92b89ca415c0dab40dc96e99fc411c08f20780']",0x0000000000000000000000000000000000000000000000000000000009afb320
58289033,2024-06-17 23:49:00,0xfd03bd3860d52a8acb007bdefcbb06681c6fa86a055f493e4a24e38271809af4,12,42,"['0x804c9b842b2748a22bb64b345453a3de7ca54a6ca45ce00d415894979e22897a', '0x0000000000000000000000002791bca1f2de4661ed88a30c99a7a9449aa84174']",0x0000000000000000000000000000000000000000002f7d5ac581e6726c67a7780000000000000000000000000000000000000000005ec4e5012977a2b7805a830000000000000000000000000000000000000000004b95c51e0c3e96be0712440000000000000000000000000000000000000000038c05e298c967c0c4e706f6000000000000000000000000000000000000000003b18b40577271bc2f19271b
58289033,2024-06-17 23:49:00,0xfd03bd3860d52a8acb007bdefcbb06681c6fa86a055f493e4a24e38271809af4,12,46,"['0x3115d1449a7b732c986cba18244e897a450f61e1bb8d589cd2e69e6c8924f9f7', '0x0000000000000000000000002791bca1f2de4661ed88a30c99a7a9449aa84174', '0x000000000000000000000000db92b89ca415c0dab40dc96e99fc411c08f20780', '0x000000000000000000000000db92b89ca415c0dab40dc96e99fc411c08f20780']",0x0000000000000000000000000000000000000000000000000000000000000285
58289059,2024-06-17 23:49:56,0x8942c3eecd233453642aac968684fec4e9cd7c680b924e0c8fe2740396720131,11,46,"['0x804c9b842b2748a22bb64b345453a3de7ca54a6ca45ce00d415894979e22897a', '0x0000000000000000000000002791bca1f2de4661ed88a30c99a7a9449aa84174']",0x0000000000000000000000000000000000000000002f7d5af28ac062bd82349e0000000000000000000000000000000000000000005ec4e502e84211a2a03c960000000000000000000000000000000000000000004b95c540f40f411c84bbaa0000000000000000000000000000000000000000038c05e8a9e0ba18b12dac99000000000000000000000000000000000000000003b18b4a6581a703a8ce9ced
58289059,2024-06-17 23:49:56,0x8942c3eecd233453642aac968684fec4e9cd7c680b924e0c8fe2740396720131,11,50,"['0x3115d1449a7b732c986cba18244e897a450f61e1bb8d589cd2e69e6c8924f9f7', '0x0000000000000000000000002791bca1f2de4661ed88a30c99a7a9449aa84174', '0x000000000000000000000000db92b89ca415c0dab40dc96e99fc411c08f20780', '0x000000000000000000000000db92b89ca415c0dab40dc96e99fc411c08f20780']",0x0000000000000000000000000000000000000000000000000000000000000085
58289072,2024-06-17 23:50:24,0x2f5261566c3102a178e9ef07162fc74b8a75683a915bf8f21fe96edc6b8477a1,38,123,"['0x804c9b842b2748a22bb64b345453a3de7ca54a6ca45ce00d415894979e22897a', '0x0000000000000000000000002791bca1f2de4661ed88a30c99a7a9449aa84174']",0x0000000000000000000000000000000000000000002f7d76917edaee6c518f100000000000000000000000000000000000000000005ec4e624a7fbc9f82840fe0000000000000000000000000000000000000000004b95dbe3ee91a7cb2513d80000000000000000000000000000000000000000038c05ebb26c6b5543c2ab64000000000000000000000000000000000000000003b18b4f6c894e3d84fbf58d
58289072,2024-06-17 23:50:24,0x2f5261566c3102a178e9ef07162fc74b8a75683a915bf8f21fe96edc6b8477a1,38,127,"['0x3115d1449a7b732c986cba18244e897a450f61e1bb8d589cd2e69e6c8924f9f7', '0x0000000000000000000000002791bca1f2de4661ed88a30c99a7a9449aa84174', '0x000000000000000000000000db92b89ca415c0dab40dc96e99fc411c08f20780', '0x000000000000000000000000db92b89ca415c0dab40dc96e99fc411c08f20780']",0x00000000000000000000000000000000000000000000000000000000098bdb7c
58289103,2024-06-17 23:51:28,0xc06968162fc7944d70ab504437a2e9264dc97c51c686095edf8a09167a3ad649,27,272,"['0x804c9b842b2748a22bb64b345453a3de7ca54a6ca45ce00d415894979e22897a', '0x0000000000000000000000002791bca1f2de4661ed88a30c99a7a9449aa84174']",0x0000000000000000000000000000000000000000002f9d27f8c12274a7d9349e0000000000000000000000000000000000000000005ec62a8f7414fcc24151640000000000000000000000000000000000000000004baf343be0899f951a5bda0000000000000000000000000000000000000000038c05f2a166a1033cbb97c0000000000000000000000000000000000000000003b18b5aea55329e4b8b0342
58289103,2024-06-17 23:51:28,0xc06968162fc7944d70ab504437a2e9264dc97c51c686095edf8a09167a3ad649,27,274,"['0xb3d084820fb1a9decffb176436bd02558d15fac9b0ddfed8c465bc7359d7dce0', '0x0000000000000000000000002791bca1f2de4661ed88a30c99a7a9449aa84174', '0x0000000000000000000000008706b0771cb22e28e4142d0adeff53609a03ead8', '0x0000000000000000000000000000000000000000000000000000000000000000']",0x000000000000000000000000213c9062d6d00a06812b1de290c1a4a6cde1738000000000000000000000000000000000000000000000000000000008d104f13a00000000000000000000000000000000000000000000000000000000000000020000000000000000000000000000000000000000004baf343be0899f951a5bda
58289107,2024-06-17 23:51:38,0x8967cdc7ed0486b86f0a5c7cbb89ce2c02362cba107d8b3ed8c46901ef94722d,35,107,"['0x804c9b842b2748a22bb64b345453a3de7ca54a6ca45ce00d415894979e22897a', '0x0000000000000000000000002791bca1f2de4661ed88a30c99a7a9449aa84174']",0x0000000000000000000000000000000000000000002f7e9f9e2581bb47c7178d0000000000000000000000000000000000000000005ec4f2074651fe44ca8f820000000000000000000000000000000000000000004b96c9984d4dbdc7d336300000000000000000000000000000000000000000038c05f3b776d178e18b6770000000000000000000000000000000000000000003b18b5cb69732f3fa9e9a4f
58289107,2024-06-17 23:51:38,0x8967cdc7ed0486b86f0a5c7cbb89ce2c02362cba107d8b3ed8c46901ef94722d,35,110,"['0xa534c8dbe71f871f9f3530e97a74601fea17b426cae02e1c5aee42c96c784051', '0x0000000000000000000000002791bca1f2de4661ed88a30c99a7a9449aa84174', '0x0000000000000000000000008706b0771cb22e28e4142d0adeff53609a03ead8', '0x000000000000000000000000213c9062d6d00a06812b1de290c1a4a6cde17380']",0x000000000000000000000000000000000000000000000000000000087e64868b0000000000000000000000000000000000000000000000000000000000000000
58289127,2024-06-17 23:52:20,0x74de9630a2ad4d3057c8856d8ef79f593fe3af2d2f2d2997bf61d2800031c79b,11,35,"['0x804c9b842b2748a22bb64b345453a3de7ca54a6ca45ce00d415894979e22897a', '0x0000000000000000000000002791bca1f2de4661ed88a30c99a7a9449aa84174']",0x0000000000000000000000000000000000000000002f7e9fbff1b6765888a56a0000000000000000000000000000000000000000005ec4f208959e52430a06c20000000000000000000000000000000000000000004b96c9b27f444da4c887290000000000000000000000000000000000000000038c05f8446784f75171bef6000000000000000000000000000000000000000003b18b64413ccf3a32edc074
58289127,2024-06-17 23:52:20,0x74de9630a2ad4d3057c8856d8ef79f593fe3af2d2f2d2997bf61d2800031c79b,11,39,"['0x3115d1449a7b732c986cba18244e897a450f61e1bb8d589cd2e69e6c8924f9f7', '0x0000000000000000000000002791bca1f2de4661ed88a30c99a7a9449aa84174', '0x000000000000000000000000db92b89ca415c0dab40dc96e99fc411c08f20780', '0x000000000000000000000000db92b89ca415c0dab40dc96e99fc411c08f20780']",0x0000000000000000000000000000000000000000000000000000000000000285
58289181,2024-06-17 23:54:14,0x2bd9807399cf2ea1dd09395c1e519aa564c26a5d5e26d149475c0e1be905cc04,9,52,"['0x804c9b842b2748a22bb64b345453a3de7ca54a6ca45ce00d415894979e22897a', '0x0000000000000000000000002791bca1f2de4661ed88a30c99a7a9449aa84174']",0x000000000000000000000000000000000000000000304b037af81eef851151860000000000000000000000000000000000000000005ecd4973593b20dde3c91a0000000000000000000000000000000000000000004c3d9e09c78471bdcbb6090000000000000000000000000000000000000000038c06049e62a95ef3e3ddeb000000000000000000000000000000000000000003b18b78b990f0b00ba1bcf6
58289181,2024-06-17 23:54:14,0x2bd9807399cf2ea1dd09395c1e519aa564c26a5d5e26d149475c0e1be905cc04,9,57,"['0x3115d1449a7b732c986cba18244e897a450f61e1bb8d589cd2e69e6c8924f9f7', '0x0000000000000000000000002791bca1f2de4661ed88a30c99a7a9449aa84174', '0x0000000000000000000000008290fda77c43437ab141d02ebc05f95bdd96e182', '0x0000000000000000000000008290fda77c43437ab141d02ebc05f95bdd96e182']",0x00000000000000000000000000000000000000000000000000000045f5e3ca34
58289181,2024-06-17 23:54:14,0x2bd9807399cf2ea1dd09395c1e519aa564c26a5d5e26d149475c0e1be905cc04,9,71,"['0x804c9b842b2748a22bb64b345453a3de7ca54a6ca45ce00d415894979e22897a', '0x0000000000000000000000002791bca1f2de4661ed88a30c99a7a9449aa84174']",0x0000000000000000000000000000000000000000002f7ea61451b120eccb71c70000000000000000000000000000000000000000005ec4f24ac95d81e4e085e80000000000000000000000000000000000000000004b96cede8a3406498a76160000000000000000000000000000000000000000038c06049e62a95ef3e3ddeb000000000000000000000000000000000000000003b18b78b990f0b00ba1bcf6
58289181,2024-06-17 23:54:14,0x2bd9807399cf2ea1dd09395c1e519aa564c26a5d5e26d149475c0e1be905cc04,9,77,"['0x2b627736bca15cd5381dcf80b0bf11fd197d01a037c52b927a881a10fb73ba61', '0x0000000000000000000000002791bca1f2de4661ed88a30c99a7a9449aa84174', '0x0000000000000000000000008290fda77c43437ab141d02ebc05f95bdd96e182', '0x0000000000000000000000000000000000000000000000000000000000000000']",0x0000000000000000000000008290fda77c43437ab141d02ebc05f95bdd96e18200000000000000000000000000000000000000000000000000000045f3d1ce17
58289224,2024-06-17 23:55:46,0xcde41a115692a936d414ca6dbcee7dd4ef53a4fbe516b522ac9f633dae200759,37,178,"['0x804c9b842b2748a22bb64b345453a3de7ca54a6ca45ce00d415894979e22897a', '0x0000000000000000000000002791bca1f2de4661ed88a30c99a7a9449aa84174']",0x0000000000000000000000000000000000000000002f7ea5f41b4eb1aae3fc270000000000000000000000000000000000000000005ec4f249678fe38c5d979b0000000000000000000000000000000000000000004b96cec2e623a75f4fd80e0000000000000000000000000000000000000000038c060e962a4f7ffb3f2b86000000000000000000000000000000000000000003b18b893e9be712c6a2ece4
58289224,2024-06-17 23:55:46,0xcde41a115692a936d414ca6dbcee7dd4ef53a4fbe516b522ac9f633dae200759,37,181,"['0xa534c8dbe71f871f9f3530e97a74601fea17b426cae02e1c5aee42c96c784051', '0x0000000000000000000000002791bca1f2de4661ed88a30c99a7a9449aa84174', '0x000000000000000000000000c3f68ee5065c7895280eb0697c5395ff5afe5ec4', '0x000000000000000000000000c3f68ee5065c7895280eb0697c5395ff5afe5ec4']",0x00000000000000000000000000000000000000000000000000000000001d8edb0000000000000000000000000000000000000000000000000000000000000000
58289248,2024-06-17 23:56:38,0x5772a10de6d01e3b1f75918f75c963dae4c2be80cfe78b1de3b1130b47408587,5,44,"['0x804c9b842b2748a22bb64b345453a3de7ca54a6ca45ce00d415894979e22897a', '0x0000000000000000000000002791bca1f2de4661ed88a30c99a7a9449aa84174']",0x0000000000000000000000000000000000000000002f9ef01e06d4f5109d62b70000000000000000000000000000000000000000005ec63cca73d43a303162910000000000000000000000000000000000000000004bb0a0d7db7a6c2bdbb3500000000000000000000000000000000000000000038c06143879cfabf3fbc262000000000000000000000000000000000000000003b18b9294f0204c92dd4014
58289248,2024-06-17 23:56:38,0x5772a10de6d01e3b1f75918f75c963dae4c2be80cfe78b1de3b1130b47408587,5,46,"['0xb3d084820fb1a9decffb176436bd02558d15fac9b0ddfed8c465bc7359d7dce0', '0x0000000000000000000000002791bca1f2de4661ed88a30c99a7a9449aa84174', '0x0000000000000000000000008706b0771cb22e28e4142d0adeff53609a03ead8', '0x0000000000000000000000000000000000000000000000000000000000000000']",0x000000000000000000000000213c9062d6d00a06812b1de290c1a4a6cde1738000000000000000000000000000000000000000000000000000000008fb609fe500000000000000000000000000000000000000000000000000000000000000020000000000000000000000000000000000000000004bb0a0d7db7a6c2bdbb350
58289253,2024-06-17 23:56:48,0xe28277f4fe2bf22bada95e97fe3bcb397f161b2b0656b654a1a6e5105699f964,31,96,"['0x804c9b842b2748a22bb64b345453a3de7ca54a6ca45ce00d415894979e22897a', '0x0000000000000000000000002791bca1f2de4661ed88a30c99a7a9449aa84174']",0x0000000000000000000000000000000000000000002f7fae220dc7f1b91ddb450000000000000000000000000000000000000000005ec4fcdb36eeb56806034c0000000000000000000000000000000000000000004b97a227198c0c887841e40000000000000000000000000000000000000000038c06154e94724a8e86763f000000000000000000000000000000000000000003b18b94613ae505d58e333e
58289253,2024-06-17 23:56:48,0xe28277f4fe2bf22bada95e97fe3bcb397f161b2b0656b654a1a6e5105699f964,31,99,"['0xa534c8dbe71f871f9f3530e97a74601fea17b426cae02e1c5aee42c96c784051', '0x0000000000000000000000002791bca1f2de4661ed88a30c99a7a9449aa84174', '0x0000000000000000000000008706b0771cb22e28e4142d0adeff53609a03ead8', '0x000000000000000000000000213c9062d6d00a06812b1de290c1a4a6cde17380']",0x00000000000000000000000000000000000000000000000000000008b1e4e4c60000000000000000000000000000000000000000000000000000000000000000
58289281,2024-06-17 23:57:48,0x09fb915b591da0148020109ceb3f41538bd7d406eb7288a4b691e30dedf97204,68,401,"['0x804c9b842b2748a22bb64b345453a3de7ca54a6ca45ce00d415894979e22897a', '0x0000000000000000000000002791bca1f2de4661ed88a30c99a7a9449aa84174']",0x0000000000000000000000000000000000000000002f8001bc3bc04ccbcf55c20000000000000000000000000000000000000000005ec500482be03fa0b791980000000000000000000000000000000000000000004b97e6aa3c6ad8f6575fe30000000000000000000000000000000000000000038c061bceed0036a1d7b84e000000000000000000000000000000000000000003b18b9f276b92335b0e411c
58289281,2024-06-17 23:57:48,0x09fb915b591da0148020109ceb3f41538bd7d406eb7288a4b691e30dedf97204,68,406,"['0x3115d1449a7b732c986cba18244e897a450f61e1bb8d589cd2e69e6c8924f9f7', '0x0000000000000000000000002791bca1f2de4661ed88a30c99a7a9449aa84174', '0x00000000000000000000000078f8bd884c3d738b74b420540659c82f392820e0', '0x00000000000000000000000078f8bd884c3d738b74b420540659c82f392820e0']",0x000000000000000000000000000000000000000000000000000000001cea5069
